TVT,GR,Geology
11331.35,87.21000000000001,
11331.6,88.23,
11331.85,88.27,
11332.1,87.78,
11332.35,86.64,
11332.6,84.86,
11332.85,84.16,
11333.1,84.93,
11333.35,86.15,
11333.6,88.2,
11333.85,89.60000000000001,
11334.1,90.28,
11334.35,90.22,
11334.6,89.5,
11334.85,87.77,
11335.1,86.31,
11335.35,85.16,
11335.6,84.67,
11335.85,84.88000000000001,
11336.1,85.68,
11336.35,87.13000000000001,
11336.6,88.05,
11336.85,88.12,
11337.1,87.49000000000001,
11337.35,86.09,
11337.6,85.73,
11337.85,86.49000000000001,
11338.1,86.88000000000001,
11338.35,88.07000000000001,
11338.6,88.37,
11338.85,88.56,
11339.1,88.8,
11339.35,88.14,
11339.6,88.89,
11339.85,89.77,
11340.1,91.8,
11340.35,94.9,
11340.6,98.77,
11340.85,102.18,
11341.1,104.36,
11341.35,106.67,
11341.6,108.73,
11341.85,111.23,
11342.1,112.17,
11342.35,109.78,
11342.6,103.63000000000001,
11342.85,95.01,
11343.1,88.53,
11343.35,85.23,
11343.6,85.69,
11343.85,87.52,
11344.1,88.84,
11344.35,89.2,
11344.6,89.58,
11344.85,90.32000000000001,
11345.1,90.9,
11345.35,90.58,
11345.6,89.87,
11345.85,89.03,
11346.1,89.60000000000001,
11346.35,90.78,
11346.6,90.66,
11346.85,90.69,
11347.1,89.07000000000001,
11347.35,87.08,
11347.6,86.76,
11347.85,86.06,
11348.1,87.11,
11348.35,88.29,
11348.6,87.94,
11348.85,87.86,
11349.1,87.09,
11349.35,87.69,
11349.6,88.55,
11349.85,89.09,
11350.1,88.77,
11350.35,87.68,
11350.6,87.39,
11350.85,87.97,
11351.1,89.13000000000001,
11351.35,90.77,
11351.6,91.63000000000001,
11351.85,92.03,
11352.1,92.60000000000001,
11352.35,93.18,
11352.6,93.34,
11352.85,92.89,
11353.1,91.4,
11353.35,90.53,
11353.6,90.24000000000001,
11353.85,89.77,
11354.1,89.21000000000001,
11354.35,88.38000000000001,
11354.6,87.59,
11354.85,87.86,
11355.1,87.94,
11355.35,87.95,
11355.6,88.08,
11355.85,86.63000000000001,
11356.1,85.61,
11356.35,84.98,
11356.6,86.44,
11356.85,89.48,
11357.1,92.46000000000001,
11357.35,93.95,
11357.6,92.86,
11357.85,90.2,
11358.1,87.19,
11358.35,85.33,
11358.6,84.26,
11358.85,84.18,
11359.1,84.26,
11359.35,83.8,
11359.6,84.57000000000001,
11359.85,86.38000000000001,
11360.1,88.08,
11360.35,89.56,
11360.6,89.76,
11360.85,89.15,
11361.1,89.06,
11361.35,90.05,
11361.6,90.93,
11361.85,92.03,
11362.1,92.55,
11362.35,92.84,
11362.6,93.07000000000001,
11362.85,92.49000000000001,
11363.1,91.49000000000001,
11363.35,90.53,
11363.6,90.47,
11363.85,90.85000000000001,
11364.1,91.5,
11364.35,90.99000000000001,
11364.6,89.67,
11364.85,88.98,
11365.1,88.55,
11365.35,89.47,
11365.6,90.29,
11365.85,90.88000000000001,
11366.1,91.2,
11366.35,90.7,
11366.6,90.65,
11366.85,90.11,
11367.1,90.44,
11367.35,90.32000000000001,
11367.6,90.55,
11367.85,91.41,
11368.1,91.9,
11368.35,93.60000000000001,
11368.6,94.87,
11368.85,95.92,
11369.1,97.36,
11369.35,97.77,
11369.6,97.12,
11369.85,95.92,
11370.1,94.35000000000001,
11370.35,93.17,
11370.6,92.36,
11370.85,91.24000000000001,
11371.1,90.18,
11371.35,89.89,
11371.6,90.38000000000001,
11371.85,90.62,
11372.1,90.74000000000001,
11372.35,90.06,
11372.6,89.05,
11372.85,88.93,
11373.1,89.5,
11373.35,90.8,
11373.6,92.16,
11373.85,93.46000000000001,
11374.1,94.7,
11374.35,95.03,
11374.6,95.52,
11374.85,95.66,
11375.1,95.38000000000001,
11375.35,95.62,
11375.6,96.08,
11375.85,96.85000000000001,
11376.1,97.59,
11376.35,97.47,
11376.6,96.93,
11376.85,96.79,
11377.1,96.9,
11377.35,97.84,
11377.6,99.41,
11377.85,100.9,
11378.1,103.24000000000001,
11378.35,105.04,
11378.6,106.39,
11378.85,106.87,
11379.1,106.02,
11379.35,104.87,
11379.6,102.46000000000001,
11379.85,100.95,
11380.1,99.8,
11380.35,99.47,
11380.6,99.12,
11380.85,98.34,
11381.1,98.37,
11381.35,99.15,
11381.6,99.88000000000001,
11381.85,99.64,
11382.1,99.2,
11382.35,98.85000000000001,
11382.6,100.4,
11382.85,102.62,
11383.1,102.14,
11383.35,100.5,
11383.6,97.4,
11383.85,95.39,
11384.1,95.72,
11384.35,96.98,
11384.6,98.69,
11384.85,99.77,
11385.1,99.79,
11385.35,99.86,
11385.6,99.7,
11385.85,100.03,
11386.1,98.94,
11386.35,98.28,
11386.6,96.76,
11386.85,95.45,
11387.1,94.52,
11387.35,94.51,
11387.6,95.5,
11387.85,96.68,
11388.1,96.93,
11388.35,95.86,
11388.6,94.97,
11388.85,94.45,
11389.1,94.82000000000001,
11389.35,94.96000000000001,
11389.6,94.4,
11389.85,93.05,
11390.1,91.92,
11390.35,91.54,
11390.6,91.88000000000001,
11390.85,93.23,
11391.1,94.54,
11391.35,94.60000000000001,
11391.6,94.37,
11391.85,94.05,
11392.1,93.56,
11392.35,95.02,
11392.6,96.66,
11392.85,98.04,
11393.1,98.87,
11393.35,97.79,
11393.6,96.3,
11393.85,94.78,
11394.1,94.41,
11394.35,95.11,
11394.6,96.37,
11394.85,97.31,
11395.1,97.2,
11395.35,96.56,
11395.6,95.17,
11395.85,93.92,
11396.1,93.29,
11396.35,92.67,
11396.6,91.88000000000001,
11396.85,90.84,
11397.1,89.31,
11397.35,88.36,
11397.6,88.7,
11397.85,89.32000000000001,
11398.1,90.77,
11398.35,92.01,
11398.6,92.56,
11398.85,93.03,
11399.1,92.43,
11399.35,91.67,
11399.6,90.65,
11399.85,89.9,
11400.1,90.04,
11400.35,91.35000000000001,
11400.6,93.02,
11400.85,95.81,
11401.1,98.04,
11401.35,98.4,
11401.6,97.28,
11401.85,93.82000000000001,
11402.1,90.39,
11402.35,88.75,
11402.6,88.73,
11402.85,89.92,
11403.1,90.96000000000001,
11403.35,91.57000000000001,
11403.6,93.16,
11403.85,94.63000000000001,
11404.1,96.21000000000001,
11404.35,96.16,
11404.6,95.76,
11404.85,94.56,
11405.1,93.57000000000001,
11405.35,93.27,
11405.6,92.48,
11405.85,92.43,
11406.1,91.78,
11406.35,91.37,
11406.6,90.66,
11406.85,90.41,
11407.1,91.14,
11407.35,92.79,
11407.6,94.31,
11407.85,94.95,
11408.1,95.32000000000001,
11408.35,95.16,
11408.6,95.83,
11408.85,95.9,
11409.1,95.26,
11409.35,95.60000000000001,
11409.6,95.36,
11409.85,95.74000000000001,
11410.1,95.33,
11410.35,94.06,
11410.6,92.26,
11410.85,90.99000000000001,
11411.1,90.15,
11411.35,90.0,
11411.6,90.4,
11411.85,89.91,
11412.1,88.99000000000001,
11412.35,87.56,
11412.6,87.2,
11412.85,87.87,
11413.1,90.06,
11413.35,92.37,
11413.6,94.01,
11413.85,94.45,
11414.1,94.22,
11414.35,94.04,
11414.6,94.67,
11414.85,95.63000000000001,
11415.1,96.29,
11415.35,96.16,
11415.6,95.39,
11415.85,95.35000000000001,
11416.1,95.29,
11416.35,96.12,
11416.6,97.0,
11416.85,96.15,
11417.1,95.25,
11417.35,94.19,
11417.6,94.32000000000001,
11417.85,95.47,
11418.1,95.06,
11418.35,94.02,
11418.6,92.3,
11418.85,90.99000000000001,
11419.1,91.96000000000001,
11419.35,93.60000000000001,
11419.6,96.05,
11419.85,98.0,
11420.1,98.29,
11420.35,97.82000000000001,
11420.6,95.95,
11420.85,94.87,
11421.1,94.5,
11421.35,94.65,
11421.59,95.07000000000001,
11421.84,96.01,
11422.09,97.33,
11422.34,97.55,
11422.59,97.59,
11422.84,96.77,
11423.09,96.03,
11423.34,95.58,
11423.59,95.67,
11423.84,95.09,
11424.09,94.78,
11424.34,93.73,
11424.59,92.4,
11424.84,92.10000000000001,
11425.09,91.7,
11425.34,92.43,
11425.59,93.56,
11425.84,94.86,
11426.09,96.18,
11426.34,97.08,
11426.59,98.05,
11426.84,98.32000000000001,
11427.09,98.43,
11427.34,97.51,
11427.59,95.91,
11427.84,94.36,
11428.09,94.0,
11428.34,94.60000000000001,
11428.59,95.96000000000001,
11428.84,96.56,
11429.09,96.35000000000001,
11429.34,95.56,
11429.59,95.23,
11429.84,95.17,
11430.09,94.69,
11430.34,94.06,
11430.59,93.37,
11430.84,93.9,
11431.09,95.26,
11431.34,96.06,
11431.59,96.67,
11431.84,96.3,
11432.09,95.42,
11432.34,95.16,
11432.59,94.67,
11432.84,94.56,
11433.09,95.15,
11433.34,95.39,
11433.59,95.35000000000001,
11433.84,96.8,
11434.09,99.98,
11434.34,105.92,
11434.59,113.92,
11434.84,120.62,
11435.09,124.57000000000001,
11435.34,127.2,
11435.59,127.94,
11435.84,127.43,
11436.09,126.38000000000001,
11436.34,124.85000000000001,
11436.59,124.0,
11436.84,125.09,
11437.09,125.12,
11437.34,125.18,
11437.59,124.45,
11437.84,124.60000000000001,
11438.09,125.42,
11438.34,125.78,
11438.59,124.69,
11438.84,122.22,
11439.09,120.49000000000001,
11439.34,118.69,
11439.59,117.77,
11439.84,115.8,
11440.09,113.76,
11440.34,112.96000000000001,
11440.59,111.95,
11440.84,111.84,
11441.09,112.62,
11441.34,113.51,
11441.59,115.31,
11441.84,116.57000000000001,
11442.09,117.11,
11442.34,118.99000000000001,
11442.59,121.13000000000001,
11442.84,123.58,
11443.09,125.12,
11443.34,123.66,
11443.59,122.56,
11443.84,121.77,
11444.09,123.08,
11444.34,126.35000000000001,
11444.59,128.0,
11444.84,129.45,
11445.09,128.56,
11445.34,126.42,
11445.59,123.71000000000001,
11445.84,120.15,
11446.09,117.78,
11446.34,116.17,
11446.59,115.4,
11446.84,116.08,
11447.09,115.87,
11447.34,115.10000000000001,
11447.59,113.81,
11447.84,111.34,
11448.09,109.48,
11448.34,107.56,
11448.59,107.12,
11448.84,108.45,
11449.09,110.83,
11449.34,113.58,
11449.59,116.73,
11449.84,118.93,
11450.09,120.47,
11450.34,121.64,
11450.59,122.51,
11450.84,123.11,
11451.09,123.86,
11451.34,123.60000000000001,
11451.59,122.65,
11451.84,121.64,
11452.09,120.4,
11452.34,119.72,
11452.59,118.31,
11452.84,117.10000000000001,
11453.09,115.54,
11453.34,114.12,
11453.59,113.60000000000001,
11453.84,113.28,
11454.09,113.03,
11454.34,113.55,
11454.59,113.23,
11454.84,113.89,
11455.09,113.85000000000001,
11455.34,114.99000000000001,
11455.59,116.14,
11455.84,117.5,
11456.09,118.21000000000001,
11456.34,118.26,
11456.59,118.02,
11456.84,117.35000000000001,
11457.09,116.21000000000001,
11457.34,114.46000000000001,
11457.59,110.73,
11457.84,107.05,
11458.09,104.46000000000001,
11458.34,102.22,
11458.59,102.36,
11458.84,102.38000000000001,
11459.09,103.11,
11459.34,104.71000000000001,
11459.59,106.01,
11459.84,108.14,
11460.09,109.26,
11460.34,109.37,
11460.59,108.94,
11460.84,107.9,
11461.09,107.4,
11461.34,108.02,
11461.59,108.26,
11461.84,109.31,
11462.09,110.15,
11462.34,111.03,
11462.59,111.57000000000001,
11462.84,112.01,
11463.09,113.76,
11463.34,115.75,
11463.59,118.18,
11463.84,119.62,
11464.09,119.28,
11464.34,118.32000000000001,
11464.59,115.82000000000001,
11464.84,114.58,
11465.09,114.24000000000001,
11465.34,113.60000000000001,
11465.59,113.86,
11465.84,112.78,
11466.09,111.54,
11466.34,111.29,
11466.59,111.27,
11466.84,112.21000000000001,
11467.09,112.75,
11467.34,111.72,
11467.59,110.75,
11467.84,109.38000000000001,
11468.09,108.43,
11468.34,108.75,
11468.59,109.61,
11468.84,110.77,
11469.09,111.33,
11469.34,111.87,
11469.59,112.02,
11469.84,113.28,
11470.09,115.41,
11470.34,118.71000000000001,
11470.59,122.37,
11470.84,123.92,
11471.09,124.31,
11471.34,122.08,
11471.59,119.61,
11471.84,117.21000000000001,
11472.09,115.56,
11472.34,114.44,
11472.59,113.64,
11472.84,113.96000000000001,
11473.09,114.81,
11473.34,116.16,
11473.59,116.58,
11473.84,115.96000000000001,
11474.09,114.07000000000001,
11474.34,111.47,
11474.59,108.98,
11474.84,107.34,
11475.09,107.45,
11475.34,107.96000000000001,
11475.59,109.45,
11475.84,110.28,
11476.09,110.89,
11476.34,111.47,
11476.59,112.55,
11476.84,114.17,
11477.09,114.43,
11477.34,114.4,
11477.59,113.63000000000001,
11477.84,113.21000000000001,
11478.09,113.08,
11478.34,113.60000000000001,
11478.59,113.76,
11478.84,114.0,
11479.09,113.08,
11479.34,111.93,
11479.59,110.29,
11479.84,109.41,
11480.09,109.23,
11480.34,110.07000000000001,
11480.59,111.35000000000001,
11480.84,111.92,
11481.09,111.92,
11481.34,111.16,
11481.59,110.78,
11481.84,110.96000000000001,
11482.09,111.71000000000001,
11482.34,111.14,
11482.59,110.19,
11482.84,109.14,
11483.09,108.67,
11483.34,109.15,
11483.59,109.13000000000001,
11483.84,108.58,
11484.09,108.07000000000001,
11484.34,107.89,
11484.59,107.85000000000001,
11484.84,108.4,
11485.09,109.72,
11485.34,110.56,
11485.59,111.36,
11485.84,110.73,
11486.09,109.52,
11486.34,107.63000000000001,
11486.59,106.64,
11486.84,106.26,
11487.09,106.64,
11487.34,108.92,
11487.59,111.07000000000001,
11487.84,113.8,
11488.09,114.66,
11488.34,115.32000000000001,
11488.59,114.44,
11488.84,113.56,
11489.09,112.75,
11489.34,111.04,
11489.59,109.22,
11489.84,107.03,
11490.09,105.29,
11490.34,105.02,
11490.59,105.66,
11490.84,106.93,
11491.09,108.32000000000001,
11491.34,108.75,
11491.59,108.64,
11491.84,108.48,
11492.09,108.04,
11492.34,107.85000000000001,
11492.59,108.07000000000001,
11492.84,107.73,
11493.09,107.98,
11493.34,108.74000000000001,
11493.59,109.32000000000001,
11493.84,110.08,
11494.09,110.07000000000001,
11494.34,109.48,
11494.59,109.0,
11494.84,108.42,
11495.09,108.53,
11495.34,108.39,
11495.59,108.72,
11495.84,109.93,
11496.09,110.83,
11496.34,111.88000000000001,
11496.59,111.54,
11496.84,110.19,
11497.09,108.38000000000001,
11497.34,107.27,
11497.59,106.60000000000001,
11497.84,107.39,
11498.09,109.08,
11498.34,110.47,
11498.59,110.69,
11498.84,110.07000000000001,
11499.09,107.93,
11499.34,106.85000000000001,
11499.59,107.56,
11499.84,107.81,
11500.09,108.78,
11500.34,108.59,
11500.59,108.33,
11500.84,109.08,
11501.09,109.87,
11501.34,110.55,
11501.59,110.32000000000001,
11501.84,109.44,
11502.09,108.67,
11502.34,109.37,
11502.59,109.86,
11502.84,110.5,
11503.09,111.24000000000001,
11503.34,111.42,
11503.59,113.27,
11503.84,115.16,
11504.09,116.35000000000001,
11504.34,116.15,
11504.59,113.91,
11504.84,111.92,
11505.09,110.63000000000001,
11505.34,110.26,
11505.59,110.34,
11505.84,109.97,
11506.09,109.76,
11506.34,109.38000000000001,
11506.59,108.75,
11506.84,107.39,
11507.09,106.24000000000001,
11507.34,107.12,
11507.59,108.82000000000001,
11507.84,110.2,
11508.09,109.76,
11508.34,107.47,
11508.59,104.87,
11508.84,104.25,
11509.09,104.49000000000001,
11509.34,105.35000000000001,
11509.59,105.63000000000001,
11509.84,105.24000000000001,
11510.09,103.92,
11510.34,102.94,
11510.59,102.46000000000001,
11510.84,101.92,
11511.08,102.56,
11511.33,103.17,
11511.58,103.31,
11511.83,103.3,
11512.08,102.94,
11512.33,103.23,
11512.58,104.11,
11512.83,104.62,
11513.08,104.48,
11513.33,102.83,
11513.58,101.72,
11513.83,101.10000000000001,
11514.08,102.29,
11514.33,103.69,
11514.58,104.64,
11514.83,105.36,
11515.08,104.64,
11515.33,104.99000000000001,
11515.58,105.2,
11515.83,105.60000000000001,
11516.08,105.89,
11516.33,105.73,
11516.58,105.91,
11516.83,106.19,
11517.08,106.88000000000001,
11517.33,106.92,
11517.58,107.60000000000001,
11517.83,108.33,
11518.08,108.59,
11518.33,109.98,
11518.58,110.88000000000001,
11518.83,111.64,
11519.08,112.33,
11519.33,111.94,
11519.58,111.72,
11519.83,111.54,
11520.08,111.47,
11520.33,111.03,
11520.58,110.67,
11520.83,109.72,
11521.08,108.42,
11521.33,106.37,
11521.58,103.5,
11521.83,102.45,
11522.08,102.47,
11522.33,103.86,
11522.58,104.75,
11522.83,104.15,
11523.08,102.79,
11523.33,101.46000000000001,
11523.58,100.48,
11523.83,99.23,
11524.08,98.56,
11524.33,97.5,
11524.58,97.61,
11524.83,98.41,
11525.08,98.76,
11525.33,99.4,
11525.58,99.01,
11525.83,98.7,
11526.08,99.28,
11526.33,99.96000000000001,
11526.58,100.62,
11526.83,100.95,
11527.08,101.85000000000001,
11527.33,102.78,
11527.58,103.31,
11527.83,103.56,
11528.08,103.28,
11528.33,103.24000000000001,
11528.58,104.31,
11528.83,104.75,
11529.08,104.82000000000001,
11529.33,104.58,
11529.58,104.83,
11529.83,105.27,
11530.08,105.32000000000001,
11530.33,105.3,
11530.58,103.05,
11530.83,101.62,
11531.08,100.68,
11531.33,101.56,
11531.58,104.25,
11531.83,106.5,
11532.08,109.49000000000001,
11532.33,110.76,
11532.58,110.52,
11532.83,109.52,
11533.08,107.61,
11533.33,105.9,
11533.58,104.43,
11533.83,103.77,
11534.08,102.84,
11534.33,102.49000000000001,
11534.58,100.92,
11534.83,99.56,
11535.08,98.38000000000001,
11535.33,97.7,
11535.58,99.08,
11535.83,101.81,
11536.08,104.89,
11536.33,107.87,
11536.58,109.62,
11536.83,110.7,
11537.08,111.31,
11537.33,111.85000000000001,
11537.58,113.8,
11537.83,116.11,
11538.08,118.89,
11538.33,120.26,
11538.58,119.04,
11538.83,116.36,
11539.08,112.42,
11539.33,109.51,
11539.58,107.59,
11539.83,106.11,
11540.08,104.73,
11540.33,103.97,
11540.58,103.83,
11540.83,104.43,
11541.08,104.46000000000001,
11541.33,103.46000000000001,
11541.58,101.17,
11541.83,98.67,
11542.08,97.12,
11542.33,96.87,
11542.58,98.43,
11542.83,100.4,
11543.08,102.79,
11543.33,104.64,
11543.58,105.75,
11543.83,106.98,
11544.08,107.12,
11544.33,107.93,
11544.58,109.95,
11544.83,112.32000000000001,
11545.08,115.36,
11545.33,117.24000000000001,
11545.58,117.61,
11545.83,116.79,
11546.08,115.78,
11546.33,114.7,
11546.58,113.35000000000001,
11546.83,111.99000000000001,
11547.08,109.59,
11547.33,107.28,
11547.58,104.85000000000001,
11547.83,103.7,
11548.08,103.52,
11548.33,104.34,
11548.58,105.14,
11548.83,105.39,
11549.08,105.03,
11549.33,104.91,
11549.58,104.17,
11549.83,103.17,
11550.08,102.81,
11550.33,102.36,
11550.58,103.42,
11550.83,104.38000000000001,
11551.08,104.58,
11551.33,104.57000000000001,
11551.58,103.18,
11551.83,102.01,
11552.08,100.97,
11552.33,100.66,
11552.58,101.73,
11552.83,103.59,
11553.08,105.9,
11553.33,108.52,
11553.58,110.58,
11553.83,111.91,
11554.08,110.91,
11554.33,109.72,
11554.58,108.14,
11554.83,106.7,
11555.08,106.74000000000001,
11555.33,106.25,
11555.58,106.39,
11555.83,107.78,
11556.08,108.68,
11556.33,111.2,
11556.58,112.78,
11556.83,114.33,
11557.08,114.76,
11557.33,112.51,
11557.58,110.36,
11557.83,107.5,
11558.08,105.68,
11558.33,106.21000000000001,
11558.58,107.10000000000001,
11558.83,109.29,
11559.08,111.33,
11559.33,112.48,
11559.58,113.34,
11559.83,113.10000000000001,
11560.08,111.79,
11560.33,111.42,
11560.58,110.53,
11560.83,110.22,
11561.08,111.17,
11561.33,112.08,
11561.58,114.18,
11561.83,115.76,
11562.08,116.57000000000001,
11562.33,116.33,
11562.58,115.65,
11562.83,115.23,
11563.08,115.51,
11563.33,116.29,
11563.58,116.95,
11563.83,117.44,
11564.08,118.41,
11564.33,119.55,
11564.58,120.94,
11564.83,122.05,
11565.08,121.88000000000001,
11565.33,120.84,
11565.58,119.29,
11565.83,117.66,
11566.08,117.59,
11566.33,118.17,
11566.58,119.79,
11566.83,121.89,
11567.08,122.06,
11567.33,120.82000000000001,
11567.58,115.97,
11567.83,110.5,
11568.08,106.71000000000001,
11568.33,104.35000000000001,
11568.58,103.8,
11568.83,102.98,
11569.08,100.94,
11569.33,100.08,
11569.58,100.56,
11569.83,103.33,
11570.08,107.49000000000001,
11570.33,110.73,
11570.58,111.3,
11570.83,109.89,
11571.08,106.18,
11571.33,102.2,
11571.58,100.55,
11571.83,99.73,
11572.08,101.38000000000001,
11572.33,103.31,
11572.58,104.58,
11572.83,105.47,
11573.08,104.97,
11573.33,103.97,
11573.58,102.48,
11573.83,102.02,
11574.08,102.26,
11574.33,102.55,
11574.58,103.68,
11574.83,103.66,
11575.08,103.66,
11575.33,104.76,
11575.58,104.95,
11575.83,104.59,
11576.08,104.36,
11576.33,103.25,
11576.58,102.61,
11576.83,102.48,
11577.08,101.13000000000001,
11577.33,99.97,
11577.58,99.81,
11577.83,100.66,
11578.08,102.15,
11578.33,103.44,
11578.58,103.35000000000001,
11578.83,103.62,
11579.08,104.28,
11579.33,105.65,
11579.58,108.29,
11579.820000000002,111.63000000000001,
11580.070000000002,114.61,
11580.320000000002,116.84,
11580.570000000002,115.31,
11580.820000000002,111.47,
11581.070000000002,105.81,
11581.320000000002,99.72,
11581.570000000002,94.47,
11581.820000000002,90.06,
11582.070000000002,87.54,
11582.320000000002,86.91,
11582.570000000002,87.81,
11582.820000000002,89.8,
11583.070000000002,92.61,
11583.320000000002,93.89,
11583.570000000002,94.31,
11583.820000000002,94.3,
11584.070000000002,94.2,
11584.320000000002,94.98,
11584.570000000002,95.8,
11584.820000000002,95.24000000000001,
11585.070000000002,94.73,
11585.320000000002,93.13000000000001,
11585.570000000002,92.55,
11585.820000000002,91.54,
11586.070000000002,90.61,
11586.320000000002,89.77,
11586.570000000002,88.79,
11586.820000000002,88.86,
11587.070000000002,89.16,
11587.320000000002,90.09,
11587.570000000002,91.55,
11587.820000000002,92.79,
11588.070000000002,93.63000000000001,
11588.320000000002,93.43,
11588.570000000002,93.38000000000001,
11588.820000000002,93.17,
11589.070000000002,93.48,
11589.320000000002,93.61,
11589.570000000002,93.42,
11589.820000000002,93.54,
11590.070000000002,93.71000000000001,
11590.320000000002,93.99000000000001,
11590.570000000002,94.36,
11590.820000000002,93.86,
11591.070000000002,92.97,
11591.320000000002,92.82000000000001,
11591.570000000002,92.69,
11591.820000000002,92.71000000000001,
11592.070000000002,92.87,
11592.320000000002,92.45,
11592.570000000002,92.97,
11592.820000000002,93.34,
11593.070000000002,93.46000000000001,
11593.320000000002,94.28,
11593.570000000002,94.24000000000001,
11593.820000000002,94.92,
11594.070000000002,96.12,
11594.320000000002,97.16,
11594.570000000002,98.31,
11594.820000000002,98.71000000000001,
11595.070000000002,99.2,
11595.320000000002,99.28,
11595.570000000002,99.15,
11595.820000000002,97.99000000000001,
11596.070000000002,95.64,
11596.320000000002,94.47,
11596.570000000002,93.57000000000001,
11596.820000000002,93.99000000000001,
11597.070000000002,94.95,
11597.320000000002,96.08,
11597.570000000002,96.56,
11597.820000000002,97.33,
11598.070000000002,96.59,
11598.320000000002,95.2,
11598.570000000002,93.77,
11598.820000000002,91.73,
11599.070000000002,89.77,
11599.320000000002,88.24000000000001,
11599.570000000002,88.0,
11599.820000000002,88.37,
11600.070000000002,89.81,
11600.320000000002,90.82000000000001,
11600.570000000002,90.12,
11600.820000000002,90.39,
11601.070000000002,91.23,
11601.320000000002,92.59,
11601.570000000002,95.4,
11601.820000000002,97.08,
11602.070000000002,97.06,
11602.320000000002,96.44,
11602.570000000002,94.07000000000001,
11602.820000000002,93.35000000000001,
11603.070000000002,94.06,
11603.320000000002,95.63000000000001,
11603.570000000002,97.75,
11603.820000000002,98.24000000000001,
11604.070000000002,97.86,
11604.320000000002,97.15,
11604.570000000002,96.54,
11604.820000000002,96.32000000000001,
11605.070000000002,96.06,
11605.320000000002,95.88000000000001,
11605.570000000002,96.15,
11605.820000000002,97.51,
11606.070000000002,98.57000000000001,
11606.320000000002,99.4,
11606.570000000002,99.64,
11606.820000000002,98.33,
11607.070000000002,96.79,
11607.320000000002,95.46000000000001,
11607.570000000002,94.08,
11607.820000000002,93.88000000000001,
11608.070000000002,92.48,
11608.320000000002,90.81,
11608.570000000002,88.89,
11608.820000000002,88.03,
11609.070000000002,88.7,
11609.320000000002,89.3,
11609.570000000002,90.08,
11609.820000000002,91.19,
11610.070000000002,92.12,
11610.320000000002,94.35000000000001,
11610.570000000002,96.45,
11610.820000000002,97.59,
11611.070000000002,98.27,
11611.320000000002,97.44,
11611.570000000002,96.49000000000001,
11611.820000000002,95.02,
11612.070000000002,95.23,
11612.320000000002,97.47,
11612.570000000002,100.53,
11612.820000000002,106.21000000000001,
11613.070000000002,110.28,
11613.320000000002,113.7,
11613.570000000002,115.4,
11613.820000000002,114.61,
11614.070000000002,113.18,
11614.320000000002,111.51,
11614.570000000002,110.34,
11614.820000000002,109.71000000000001,
11615.070000000002,109.25,
11615.320000000002,108.87,
11615.570000000002,108.2,
11615.820000000002,106.42,
11616.070000000002,105.83,
11616.320000000002,105.91,
11616.570000000002,107.16,
11616.820000000002,109.63000000000001,
11617.070000000002,109.44,
11617.320000000002,108.84,
11617.570000000002,108.57000000000001,
11617.820000000002,108.86,
11618.070000000002,111.07000000000001,
11618.320000000002,111.42,
11618.570000000002,109.39,
11618.820000000002,106.91,
11619.070000000002,105.18,
11619.320000000002,105.06,
11619.570000000002,106.33,
11619.820000000002,107.33,
11620.070000000002,108.8,
11620.320000000002,111.73,
11620.570000000002,116.17,
11620.820000000002,121.67,
11621.070000000002,125.43,
11621.320000000002,125.68,
11621.570000000002,121.92,
11621.820000000002,115.88000000000001,
11622.070000000002,109.51,
11622.320000000002,104.98,
11622.570000000002,103.08,
11622.820000000002,102.24000000000001,
11623.070000000002,102.45,
11623.320000000002,102.34,
11623.570000000002,102.17,
11623.820000000002,101.99000000000001,
11624.070000000002,102.69,
11624.320000000002,104.10000000000001,
11624.570000000002,106.44,
11624.820000000002,108.14,
11625.070000000002,108.33,
11625.320000000002,108.22,
11625.570000000002,108.51,
11625.820000000002,110.9,
11626.070000000002,115.5,
11626.320000000002,120.83,
11626.570000000002,125.48,
11626.820000000002,127.59,
11627.070000000002,126.01,
11627.320000000002,121.98,
11627.570000000002,117.2,
11627.820000000002,114.04,
11628.070000000002,112.31,
11628.320000000002,111.28,
11628.570000000002,111.24000000000001,
11628.820000000002,111.29,
11629.070000000002,115.33,
11629.320000000002,123.48,
11629.570000000002,133.44,
11629.820000000002,144.45,
11630.070000000002,151.32999999999998,
11630.320000000002,153.70999999999998,
11630.570000000002,151.06,
11630.820000000002,143.75,
11631.070000000002,134.09,
11631.320000000002,123.71000000000001,
11631.570000000002,117.66,
11631.820000000002,115.54,
11632.070000000002,116.79,
11632.320000000002,119.22,
11632.570000000002,120.53,
11632.820000000002,121.89,
11633.070000000002,125.12,
11633.320000000002,131.18,
11633.570000000002,138.97,
11633.820000000002,144.33999999999997,
11634.070000000002,144.57,
11634.320000000002,138.03,
11634.570000000002,127.49000000000001,
11634.820000000002,116.0,
11635.070000000002,106.92,
11635.320000000002,101.16,
11635.570000000002,98.15,
11635.820000000002,96.64,
11636.070000000002,95.84,
11636.320000000002,95.13000000000001,
11636.570000000002,94.76,
11636.820000000002,94.97,
11637.070000000002,94.82000000000001,
11637.320000000002,95.56,
11637.570000000002,94.77,
11637.820000000002,94.82000000000001,
11638.070000000002,94.64,
11638.320000000002,94.52,
11638.570000000002,95.39,
11638.820000000002,96.07000000000001,
11639.070000000002,98.11,
11639.320000000002,101.5,
11639.570000000002,105.16,
11639.820000000002,107.7,
11640.070000000002,108.55,
11640.320000000002,107.4,
11640.570000000002,105.02,
11640.820000000002,103.04,
11641.070000000002,101.74000000000001,
11641.320000000002,102.04,
11641.570000000002,103.65,
11641.820000000002,104.52,
11642.070000000002,105.89,
11642.320000000002,105.81,
11642.570000000002,104.78,
11642.820000000002,103.22,
11643.070000000002,99.83,
11643.320000000002,94.47,
11643.570000000002,90.95,
11643.820000000002,89.44,
11644.070000000002,89.87,
11644.320000000002,92.05,
11644.570000000002,93.21000000000001,
11644.820000000002,93.27,
11645.070000000002,94.25,
11645.320000000002,94.04,
11645.570000000002,94.44,
11645.810000000001,94.06,
11646.060000000001,92.98,
11646.310000000001,92.34,
11646.560000000001,91.64,
11646.810000000001,91.69,
11647.060000000001,92.15,
11647.310000000001,92.19,
11647.560000000001,91.82000000000001,
11647.810000000001,91.59,
11648.060000000001,91.02,
11648.310000000001,91.92,
11648.560000000001,92.66,
11648.810000000001,93.77,
11649.060000000001,93.89,
11649.310000000001,93.59,
11649.560000000001,93.16,
11649.810000000001,92.38000000000001,
11650.060000000001,92.9,
11650.310000000001,92.85000000000001,
11650.560000000001,92.9,
11650.810000000001,92.62,
11651.060000000001,92.08,
11651.310000000001,91.71000000000001,
11651.560000000001,91.4,
11651.810000000001,90.55,
11652.060000000001,90.02,
11652.310000000001,89.27,
11652.560000000001,89.12,
11652.810000000001,89.69,
11653.060000000001,91.16,
11653.310000000001,91.77,
11653.560000000001,92.46000000000001,
11653.810000000001,92.95,
11654.060000000001,93.76,
11654.310000000001,95.95,
11654.560000000001,98.06,
11654.810000000001,99.19,
11655.060000000001,99.33,
11655.310000000001,98.02,
11655.560000000001,97.28,
11655.810000000001,97.91,
11656.060000000001,98.97,
11656.310000000001,100.85000000000001,
11656.560000000001,100.88000000000001,
11656.810000000001,99.66,
11657.060000000001,97.77,
11657.310000000001,95.49000000000001,
11657.560000000001,94.91,
11657.810000000001,95.79,
11658.060000000001,97.19,
11658.310000000001,98.53,
11658.560000000001,99.21000000000001,
11658.810000000001,98.79,
11659.060000000001,98.67,
11659.310000000001,99.22,
11659.560000000001,99.99000000000001,
11659.810000000001,101.74000000000001,
11660.060000000001,102.27,
11660.310000000001,100.42,
11660.560000000001,98.29,
11660.810000000001,95.53,
11661.060000000001,93.52,
11661.310000000001,92.59,
11661.560000000001,91.9,
11661.810000000001,91.04,
11662.060000000001,90.58,
11662.310000000001,89.39,
11662.560000000001,88.9,
11662.810000000001,89.89,
11663.060000000001,91.07000000000001,
11663.310000000001,92.88000000000001,
11663.560000000001,93.47,
11663.810000000001,92.84,
11664.060000000001,92.97,
11664.310000000001,93.35000000000001,
11664.560000000001,94.25,
11664.810000000001,93.79,
11665.060000000001,91.85000000000001,
11665.310000000001,89.93,
11665.560000000001,88.59,
11665.810000000001,88.58,
11666.060000000001,90.3,
11666.310000000001,92.47,
11666.560000000001,95.5,
11666.810000000001,98.35000000000001,
11667.060000000001,101.81,
11667.310000000001,105.63000000000001,
11667.560000000001,108.4,
11667.810000000001,110.86,
11668.060000000001,111.88000000000001,
11668.310000000001,112.21000000000001,
11668.560000000001,112.15,
11668.810000000001,112.28,
11669.060000000001,110.92,
11669.310000000001,109.39,
11669.560000000001,106.84,
11669.810000000001,104.72,
11670.060000000001,106.07000000000001,
11670.310000000001,110.53,
11670.560000000001,118.60000000000001,
11670.810000000001,126.65,
11671.060000000001,131.07999999999998,
11671.310000000001,130.34,
11671.560000000001,124.75,
11671.810000000001,116.13000000000001,
11672.060000000001,107.34,
11672.310000000001,100.17,
11672.560000000001,95.82000000000001,
11672.810000000001,93.79,
11673.060000000001,92.94,
11673.310000000001,93.08,
11673.560000000001,92.66,
11673.810000000001,92.22,
11674.060000000001,91.94,
11674.310000000001,92.05,
11674.560000000001,92.43,
11674.810000000001,93.54,
11675.060000000001,93.89,
11675.310000000001,95.39,
11675.560000000001,96.45,
11675.810000000001,97.75,
11676.060000000001,99.14,
11676.310000000001,100.09,
11676.560000000001,102.2,
11676.810000000001,103.94,
11677.060000000001,105.43,
11677.310000000001,105.81,
11677.560000000001,105.01,
11677.810000000001,103.76,
11678.060000000001,102.81,
11678.310000000001,101.81,
11678.560000000001,101.43,
11678.810000000001,101.64,
11679.060000000001,101.93,
11679.310000000001,102.55,
11679.560000000001,102.38000000000001,
11679.810000000001,102.86,
11680.060000000001,103.17,
11680.310000000001,103.26,
11680.560000000001,103.41,
11680.810000000001,102.57000000000001,
11681.060000000001,102.35000000000001,
11681.310000000001,102.0,
11681.560000000001,102.11,
11681.810000000001,102.14,
11682.060000000001,101.96000000000001,
11682.310000000001,101.64,
11682.560000000001,101.04,
11682.810000000001,100.02,
11683.060000000001,98.34,
11683.310000000001,97.21000000000001,
11683.560000000001,96.65,
11683.810000000001,97.54,
11684.060000000001,98.68,
11684.310000000001,100.46000000000001,
11684.560000000001,101.87,
11684.810000000001,102.49000000000001,
11685.060000000001,101.2,
11685.310000000001,98.29,
11685.560000000001,95.12,
11685.810000000001,92.49000000000001,
11686.060000000001,91.88000000000001,
11686.310000000001,92.60000000000001,
11686.560000000001,94.0,
11686.810000000001,95.37,
11687.060000000001,95.84,
11687.310000000001,95.88000000000001,
11687.560000000001,95.39,
11687.810000000001,94.22,
11688.060000000001,95.16,
11688.310000000001,95.71000000000001,
11688.560000000001,97.12,
11688.810000000001,98.57000000000001,
11689.060000000001,98.15,
11689.310000000001,97.81,
11689.560000000001,96.55,
11689.810000000001,95.08,
11690.060000000001,94.63000000000001,
11690.300000000001,94.34,
11690.550000000001,94.25,
11690.800000000001,93.32000000000001,
11691.050000000001,91.81,
11691.300000000001,90.14,
11691.550000000001,89.26,
11691.800000000001,90.03,
11692.050000000001,91.25,
11692.300000000001,92.73,
11692.550000000001,93.78,
11692.800000000001,93.47,
11693.050000000001,93.28,
11693.300000000001,93.83,
11693.550000000001,94.92,
11693.800000000001,96.45,
11694.050000000001,97.95,
11694.300000000001,99.31,
11694.550000000001,101.91,
11694.800000000001,107.48,
11695.050000000001,114.78,
11695.300000000001,123.97,
11695.550000000001,132.32,
11695.800000000001,137.67,
11696.050000000001,141.07999999999998,
11696.300000000001,140.48,
11696.550000000001,135.67,
11696.800000000001,127.15,
11697.050000000001,117.49000000000001,
11697.300000000001,109.89,
11697.550000000001,104.22,
11697.800000000001,99.76,
11698.050000000001,95.52,
11698.300000000001,91.22,
11698.550000000001,88.76,
11698.800000000001,87.58,
11699.050000000001,87.08,
11699.300000000001,87.06,
11699.550000000001,86.63000000000001,
11699.800000000001,86.89,
11700.050000000001,87.98,
11700.300000000001,88.71000000000001,
11700.550000000001,88.88000000000001,
11700.800000000001,88.16,
11701.050000000001,87.24000000000001,
11701.300000000001,87.03,
11701.550000000001,87.47,
11701.800000000001,88.23,
11702.050000000001,89.69,
11702.300000000001,91.48,
11702.550000000001,94.2,
11702.800000000001,97.37,
11703.050000000001,99.31,
11703.300000000001,100.42,
11703.550000000001,99.9,
11703.800000000001,98.60000000000001,
11704.050000000001,97.23,
11704.300000000001,95.91,
11704.550000000001,94.57000000000001,
11704.800000000001,94.35000000000001,
11705.050000000001,94.8,
11705.300000000001,96.12,
11705.550000000001,97.5,
11705.800000000001,97.65,
11706.050000000001,97.61,
11706.300000000001,97.17,
11706.550000000001,98.09,
11706.800000000001,99.74000000000001,
11707.050000000001,99.9,
11707.300000000001,98.93,
11707.550000000001,96.76,
11707.800000000001,94.26,
11708.050000000001,94.07000000000001,
11708.300000000001,96.31,
11708.550000000001,99.88000000000001,
11708.800000000001,104.03,
11709.050000000001,106.9,
11709.300000000001,107.66,
11709.550000000001,106.91,
11709.800000000001,105.92,
11710.050000000001,104.59,
11710.300000000001,104.09,
11710.550000000001,104.21000000000001,
11710.800000000001,104.09,
11711.050000000001,104.04,
11711.300000000001,103.28,
11711.550000000001,101.9,
11711.800000000001,100.15,
11712.050000000001,97.37,
11712.300000000001,95.2,
11712.550000000001,92.92,
11712.800000000001,90.91,
11713.050000000001,88.97,
11713.300000000001,87.29,
11713.550000000001,86.79,
11713.800000000001,87.58,
11714.050000000001,89.79,
11714.300000000001,91.67,
11714.550000000001,93.76,
11714.800000000001,95.38000000000001,
11715.050000000001,97.06,
11715.300000000001,99.51,
11715.550000000001,101.25,
11715.800000000001,103.09,
11716.050000000001,103.08,
11716.300000000001,102.33,
11716.550000000001,99.84,
11716.800000000001,96.55,
11717.050000000001,92.53,
11717.300000000001,88.99000000000001,
11717.550000000001,86.60000000000001,
11717.800000000001,85.09,
11718.050000000001,84.59,
11718.300000000001,84.86,
11718.550000000001,85.78,
11718.800000000001,87.48,
11719.050000000001,89.04,
11719.300000000001,90.46000000000001,
11719.550000000001,90.83,
11719.800000000001,91.18,
11720.050000000001,91.64,
11720.300000000001,91.64,
11720.550000000001,93.02,
11720.800000000001,94.38000000000001,
11721.050000000001,97.03,
11721.300000000001,99.47,
11721.550000000001,101.63000000000001,
11721.800000000001,102.76,
11722.050000000001,102.93,
11722.300000000001,103.19,
11722.550000000001,103.67,
11722.79,105.15,
11723.04,107.23,
11723.29,109.73,
11723.54,112.06,
11723.79,113.57000000000001,
11724.04,114.91,
11724.29,116.16,
11724.54,117.28,
11724.79,117.49000000000001,
11725.04,115.87,
11725.29,113.44,
11725.54,110.52,
11725.79,108.10000000000001,
11726.04,107.66,
11726.29,107.14,
11726.54,106.73,
11726.79,106.01,
11727.04,104.8,
11727.29,104.78,
11727.54,105.14,
11727.79,105.49000000000001,
11728.04,105.49000000000001,
11728.29,105.17,
11728.54,104.43,
11728.79,104.35000000000001,
11729.04,104.33,
11729.29,104.5,
11729.54,104.79,
11729.79,105.09,
11730.04,104.53,
11730.29,103.85000000000001,
11730.54,103.06,
11730.79,103.63000000000001,
11731.04,105.07000000000001,
11731.29,107.79,
11731.54,109.84,
11731.79,110.49000000000001,
11732.04,110.38000000000001,
11732.29,109.43,
11732.54,108.73,
11732.79,108.84,
11733.04,108.01,
11733.29,107.3,
11733.54,106.7,
11733.79,105.45,
11734.04,104.27,
11734.29,103.41,
11734.54,102.82000000000001,
11734.79,102.25,
11735.04,101.73,
11735.29,101.34,
11735.54,101.68,
11735.79,102.72,
11736.04,103.67,
11736.29,103.92,
11736.54,103.89,
11736.79,104.22,
11737.04,103.82000000000001,
11737.29,103.49000000000001,
11737.54,103.2,
11737.79,104.45,
11738.04,107.51,
11738.29,110.79,
11738.54,112.2,
11738.79,111.39,
11739.04,109.01,
11739.29,106.44,
11739.54,104.64,
11739.79,104.83,
11740.04,105.44,
11740.29,106.11,
11740.54,106.13000000000001,
11740.79,105.92,
11741.04,106.19,
11741.29,107.21000000000001,
11741.54,107.78,
11741.79,107.25,
11742.04,105.96000000000001,
11742.29,105.06,
11742.54,105.57000000000001,
11742.79,107.87,
11743.04,109.36,
11743.29,109.38000000000001,
11743.54,107.46000000000001,
11743.79,105.11,
11744.04,104.4,
11744.29,105.68,
11744.54,107.63000000000001,
11744.79,109.7,
11745.04,110.18,
11745.29,110.10000000000001,
11745.54,108.95,
11745.79,106.10000000000001,
11746.04,101.94,
11746.29,96.21000000000001,
11746.54,90.71000000000001,
11746.79,87.34,
11747.04,86.22,
11747.29,86.66,
11747.54,88.3,
11747.79,89.53,
11748.04,88.83,
11748.29,87.81,
11748.54,85.9,
11748.79,85.45,
11749.04,86.84,
11749.29,88.11,
11749.54,89.46000000000001,
11749.79,89.69,
11750.04,89.36,
11750.29,89.05,
11750.54,88.11,
11750.78,87.02,
11751.03,85.98,
11751.28,84.7,
11751.53,83.9,
11751.78,82.44,
11752.03,82.2,
11752.28,82.66,
11752.53,84.55,
11752.78,88.02,
11753.03,91.45,
11753.28,94.35000000000001,
11753.53,95.37,
11753.78,95.63000000000001,
11754.03,95.67,
11754.28,98.67,
11754.53,103.95,
11754.78,111.52,
11755.03,118.63000000000001,
11755.28,123.7,
11755.53,126.84,
11755.78,127.8,
11756.03,128.07,
11756.28,126.59,
11756.53,123.06,ANCC
11756.78,118.03,ANCC
11757.03,111.69,ANCC
11757.28,106.79,ANCC
11757.53,103.56,ANCC
11757.78,99.93,ANCC
11758.03,93.93,ANCC
11758.28,84.11,ANCC
11758.53,72.13,ANCC
11758.78,62.44,ANCC
11759.03,56.769999999999996,ANCC
11759.28,55.22,ANCC
11759.53,56.47,ANCC
11759.78,57.91,ANCC
11760.03,58.7,ANCC
11760.28,58.849999999999994,ANCC
11760.53,58.17,ANCC
11760.78,56.769999999999996,ANCC
11761.03,56.17,ANCC
11761.28,56.22,ANCC
11761.53,57.7,ANCC
11761.78,62.209999999999994,ANCC
11762.03,68.31,ANCC
11762.28,75.92999999999999,ANCC
11762.53,83.21000000000001,ANCC
11762.78,88.15,ANCC
11763.03,89.48,ANCC
11763.28,86.45,ANCC
11763.53,79.34,ANCC
11763.78,69.54,ANCC
11764.03,60.650000000000006,ANCC
11764.28,54.44,ANCC
11764.53,51.459999999999994,ANCC
11764.78,50.209999999999994,ANCC
11765.03,49.09,ANCC
11765.28,48.459999999999994,ANCC
11765.53,47.97,ANCC
11765.78,48.22,ANCC
11766.03,49.06999999999999,ANCC
11766.28,49.41,ANCC
11766.53,50.17,ANCC
11766.78,50.45,ANCC
11767.03,50.22,ANCC
11767.28,49.989999999999995,ANCC
11767.53,49.540000000000006,ANCC
11767.78,49.66,ANCC
11768.03,49.019999999999996,ANCC
11768.28,47.94,ANCC
11768.53,46.75,ANCC
11768.78,45.8,ANCC
11769.03,46.17,ANCC
11769.28,46.97,ANCC
11769.53,48.0,ANCC
11769.78,49.78,ANCC
11770.03,52.47,ANCC
11770.28,56.980000000000004,ANCC
11770.53,61.81,ANCC
11770.78,66.61,ANCC
11771.03,70.36,ANCC
11771.28,73.31,ANCC
11771.53,76.12,ANCC
11771.78,77.05,ANCC
11772.03,76.77,ANCC
11772.28,74.85,ANCC
11772.53,71.86,ANCC
11772.78,69.62,ANCC
11773.03,67.12,ANCC
11773.28,64.87,ANCC
11773.53,62.41,ANCC
11773.78,60.58,ANCC
11774.03,58.980000000000004,ANCC
11774.28,58.25,ANCC
11774.53,57.620000000000005,ANCC
11774.78,56.89,ANCC
11775.03,56.459999999999994,ANCC
11775.28,56.040000000000006,ANCC
11775.53,55.97,ANCC
11775.78,57.06999999999999,ANCC
11776.03,58.730000000000004,ANCC
11776.28,62.269999999999996,ANCC
11776.53,66.17999999999999,ANCC
11776.77,68.9,ANCC
11777.02,70.14,ANCC
11777.27,69.82,ANCC
11777.52,69.35,ANCC
11777.77,70.14,ANCC
11778.02,71.79,ANCC
11778.27,72.24,ANCC
11778.52,71.73,ANCC
11778.77,69.06,ANCC
11779.02,65.69,ANCC
11779.27,62.86,ANCC
11779.52,60.989999999999995,ANCC
11779.77,61.3,ANCC
11780.02,62.709999999999994,ANCC
11780.27,64.67,ANCC
11780.52,66.11,ANCC
11780.77,66.38,ANCC
11781.02,65.54,ANCC
11781.27,63.849999999999994,ANCC
11781.52,62.0,ANCC
11781.77,60.709999999999994,ANCC
11782.02,60.36,ANCC
11782.27,60.11,ANCC
11782.52,60.06999999999999,ANCC
11782.77,59.379999999999995,ANCC
11783.02,58.36,ANCC
11783.27,57.3,ANCC
11783.52,55.989999999999995,ANCC
11783.77,56.629999999999995,ANCC
11784.02,58.769999999999996,ANCC
11784.27,62.84,ANCC
11784.52,68.46,ANCC
11784.77,72.95,ANCC
11785.02,76.26,ANCC
11785.27,77.27,ANCC
11785.52,77.0,ANCC
11785.77,76.16,ANCC
11786.02,76.05,ANCC
11786.27,77.53,ANCC
11786.52,79.5,ANCC
11786.77,82.04,ANCC
11787.02,83.48,ANCC
11787.27,84.55,ANCC
11787.52,84.87,ANCC
11787.77,85.32000000000001,ANCC
11788.02,87.95,ANCC
11788.27,92.44,ANCC
11788.52,100.02,ANCC
11788.77,108.68,ANCC
11789.02,116.12,ANCC
11789.27,119.9,ANCC
11789.52,120.36,ANCC
11789.77,117.24000000000001,ANCC
11790.02,110.8,ANCC
11790.27,102.91,ANCC
11790.52,92.75,ANCC
11790.77,83.81,ANCC
11791.02,77.07000000000001,ANCC
11791.27,73.17,ANCC
11791.52,71.55,ANCC
11791.77,71.11,ANCC
11792.02,70.58,ANCC
11792.27,70.13,ANCC
11792.52,70.3,ANCC
11792.77,69.9,ANCC
11793.02,69.47,ANCC
11793.27,67.76,ANCC
11793.52,65.66,ANCC
11793.77,64.26,ANCC
11794.02,63.790000000000006,ANCC
11794.27,64.21,ANCC
11794.52,64.58,ANCC
11794.77,64.7,ANCC
11795.02,64.57,ANCC
11795.27,64.66,ANCC
11795.52,66.16,ANCC
11795.77,68.1,ANCC
11796.02,70.24,ANCC
11796.27,71.8,ANCC
11796.52,72.72,ANCC
11796.77,73.58,ANCC
11797.02,74.67,ANCC
11797.27,75.65,ANCC
11797.52,76.83,ANCC
11797.77,77.63000000000001,ANCC
11798.02,76.86,ANCC
11798.27,75.81,ANCC
11798.52,74.09,ANCC
11798.77,73.69,ANCC
11799.02,74.57,ANCC
11799.27,74.67,ANCC
11799.52,74.45,ANCC
11799.77,74.44,ANCC
11800.02,74.58,ANCC
11800.27,75.82,ANCC
11800.52,76.65,ANCC
11800.77,76.52,ANCC
11801.01,76.5,ANCC
11801.26,77.0,ANCC
11801.51,77.5,ANCC
11801.76,77.42,ANCC
11802.01,77.2,ANCC
11802.26,76.2,ANCC
11802.51,75.46,ANCC
11802.76,75.25,ANCC
11803.01,75.7,ANCC
11803.26,77.2,ANCC
11803.51,78.21000000000001,ANCC
11803.76,79.39,ANCC
11804.01,79.74000000000001,ANCC
11804.26,79.93,ANCC
11804.51,80.71000000000001,ANCC
11804.76,80.16,ANCC
11805.01,79.66,ANCC
11805.26,79.56,ANCC
11805.51,80.08,ANCC
11805.76,83.33,ANCC
11806.01,89.23,ANCC
11806.26,95.83,ANCC
11806.51,101.79,ANCC
11806.76,104.07000000000001,ANCC
11807.01,102.0,ANCC
11807.26,97.0,ANCC
11807.51,89.89,ANCC
11807.76,84.14,ANCC
11808.01,79.15,ANCC
11808.26,74.42999999999999,ANCC
11808.51,69.92999999999999,ANCC
11808.76,64.74,ANCC
11809.01,60.56999999999999,ANCC
11809.26,58.599999999999994,ANCC
11809.51,58.370000000000005,ANCC
11809.76,60.67,ANCC
11810.01,64.62,ANCC
11810.26,68.94,ANCC
11810.51,73.94,ANCC
11810.76,78.36,ANCC
11811.01,82.02,ANCC
11811.26,85.56,ANCC
11811.51,86.84,ANCC
11811.76,86.61,ANCC
11812.01,83.94,ANCC
11812.26,79.49000000000001,ANCC
11812.51,74.59,ANCC
11812.76,69.45,ANCC
11813.01,66.77,ANCC
11813.26,64.37,ANCC
11813.51,63.42999999999999,ANCC
11813.76,62.05,ANCC
11814.01,60.3,ANCC
11814.26,59.0,ANCC
11814.51,58.010000000000005,ANCC
11814.76,58.459999999999994,ANCC
11815.01,58.81,ANCC
11815.26,59.040000000000006,ANCC
11815.51,58.81,ANCC
11815.76,58.06999999999999,ANCC
11816.01,57.56,ANCC
11816.26,56.980000000000004,ANCC
11816.51,57.540000000000006,ANCC
11816.76,58.36,ANCC
11817.01,59.730000000000004,ANCC
11817.26,60.67,ANCC
11817.51,61.03,ANCC
11817.76,61.44,ANCC
11818.01,61.620000000000005,ANCC
11818.26,62.39,ANCC
11818.51,63.06,ANCC
11818.76,63.41,ANCC
11819.01,62.980000000000004,ANCC
11819.26,61.92,ANCC
11819.51,61.0,ANCC
11819.76,60.36,ANCC
11820.01,60.06,ANCC
11820.26,60.489999999999995,ANCC
11820.51,61.040000000000006,ANCC
11820.76,62.33,ANCC
11821.01,65.17999999999999,ANCC
11821.26,69.92,ANCC
11821.51,76.67,ANCC
11821.76,83.94,ANCC
11822.01,90.23,ANCC
11822.26,94.28,ANCC
11822.51,96.39,ANCC
11822.76,97.94,ANCC
11823.01,99.98,ANCC
11823.26,101.33,ANCC
11823.51,101.85000000000001,ANCC
11823.76,100.54,ANCC
11824.0,95.8,ANCC
11824.25,89.29,ANCC
11824.5,81.56,ANCC
11824.75,75.19,ANCC
11825.0,71.15,ANCC
11825.25,68.9,ANCC
11825.5,67.9,ANCC
11825.75,66.82,ANCC
11826.0,66.38,ANCC
11826.25,66.1,ANCC
11826.5,66.26,ANCC
11826.75,67.42,ANCC
11827.0,68.5,ANCC
11827.25,69.81,ANCC
11827.5,70.78,ANCC
11827.75,71.15,ANCC
11828.0,70.51,ANCC
11828.25,69.88,ANCC
11828.5,69.4,ANCC
11828.75,69.83,ANCC
11829.0,71.44,ANCC
11829.25,73.42,ANCC
11829.5,75.14,ANCC
11829.75,76.34,ANCC
11830.0,76.37,ANCC
11830.25,75.85,ANCC
11830.5,74.4,ANCC
11830.75,72.07,ANCC
11831.0,69.69,ANCC
11831.25,67.4,ANCC
11831.5,65.79,ANCC
11831.75,64.94,ANCC
11832.0,64.02,ANCC
11832.25,63.379999999999995,ANCC
11832.5,63.28,ANCC
11832.75,62.8,ANCC
11833.0,62.58,ANCC
11833.25,62.7,ANCC
11833.5,62.269999999999996,ANCC
11833.75,62.870000000000005,ANCC
11834.0,63.28,ANCC
11834.25,63.209999999999994,ANCC
11834.5,62.989999999999995,ANCC
11834.75,62.8,ANCC
11835.0,63.42999999999999,ANCC
11835.25,64.97,ANCC
11835.5,66.56,ANCC
11835.75,67.53,ANCC
11836.0,68.05,ANCC
11836.25,68.11,ANCC
11836.5,67.76,ANCC
11836.75,67.23,ANCC
11837.0,66.46,ANCC
11837.25,65.22,ANCC
11837.5,64.9,ANCC
11837.75,65.23,ANCC
11838.0,66.55,ANCC
11838.25,69.21,ANCC
11838.5,70.91,ANCC
11838.75,71.99,ANCC
11839.0,71.57,ANCC
11839.25,69.72,ANCC
11839.5,68.87,ANCC
11839.75,68.97,ANCC
11840.0,69.27,ANCC
11840.25,69.89,ANCC
11840.5,69.97,ANCC
11840.75,70.13,ANCC
11841.0,71.35,ANCC
11841.25,74.12,ANCC
11841.5,77.11,ANCC
11841.75,80.26,ANCC
11842.0,82.74000000000001,ANCC
11842.25,83.9,ANCC
11842.5,84.66,ANCC
11842.75,83.72,ANCC
11843.0,80.61,ANCC
11843.25,77.17,ANCC
11843.5,73.4,ANCC
11843.75,70.52,ANCC
11844.0,69.4,ANCC
11844.25,68.55,ANCC
11844.5,67.25,ANCC
11844.75,64.86,ANCC
11845.0,61.959999999999994,ANCC
11845.240000000002,59.290000000000006,ANCC
11845.490000000002,57.75,ANCC
11845.740000000002,57.5,ANCC
11845.990000000002,57.72,ANCC
11846.240000000002,57.849999999999994,ANCC
11846.490000000002,58.16,ANCC
11846.740000000002,57.8,ANCC
11846.990000000002,57.64,ANCC
11847.240000000002,57.16,ANCC
11847.490000000002,57.489999999999995,ANCC
11847.740000000002,57.709999999999994,ANCC
11847.990000000002,57.709999999999994,ANCC
11848.240000000002,59.150000000000006,ANCC
11848.490000000002,61.16,ANCC
11848.740000000002,64.12,ANCC
11848.990000000002,67.08,ANCC
11849.240000000002,68.0,ANCC
11849.490000000002,68.42,ANCC
11849.740000000002,67.75,ANCC
11849.990000000002,67.47,ANCC
11850.240000000002,66.92,ANCC
11850.490000000002,64.78,ANCC
11850.740000000002,62.61,ANCC
11850.990000000002,60.2,ANCC
11851.240000000002,58.45,ANCC
11851.490000000002,58.459999999999994,ANCC
11851.740000000002,58.81,ANCC
11851.990000000002,59.540000000000006,ANCC
11852.240000000002,60.81,ANCC
11852.490000000002,62.25,ANCC
11852.740000000002,64.58,ANCC
11852.990000000002,67.05,ANCC
11853.240000000002,68.14,ANCC
11853.490000000002,68.63,ANCC
11853.740000000002,68.33,ANCC
11853.990000000002,67.84,ANCC
11854.240000000002,68.35,ANCC
11854.490000000002,68.33,ANCC
11854.740000000002,68.17999999999999,ANCC
11854.990000000002,67.14,ANCC
11855.240000000002,66.05,ANCC
11855.490000000002,65.47,ANCC
11855.740000000002,64.14,ANCC
11855.990000000002,63.620000000000005,ANCC
11856.240000000002,63.03,ANCC
11856.490000000002,62.629999999999995,ANCC
11856.740000000002,62.59,ANCC
11856.990000000002,63.480000000000004,ANCC
11857.240000000002,64.34,ANCC
11857.490000000002,65.09,ANCC
11857.740000000002,66.73,ANCC
11857.990000000002,67.92,ANCC
11858.240000000002,70.28,ANCC
11858.490000000002,74.19,ANCC
11858.740000000002,77.04,ANCC
11858.990000000002,79.42,ANCC
11859.240000000002,80.04,ANCC
11859.490000000002,78.97,ANCC
11859.740000000002,77.7,ANCC
11859.990000000002,76.42,ANCC
11860.240000000002,76.29,ANCC
11860.490000000002,76.43,ANCC
11860.740000000002,76.46000000000001,ANCC
11860.990000000002,75.6,ANCC
11861.240000000002,73.23,ANCC
11861.490000000002,71.53,ANCC
11861.740000000002,69.61,ANCC
11861.990000000002,67.87,ANCC
11862.240000000002,66.6,ANCC
11862.490000000002,64.06,ANCC
11862.740000000002,61.75,ANCC
11862.990000000002,59.769999999999996,ANCC
11863.240000000002,58.510000000000005,ANCC
11863.490000000002,58.17,ANCC
11863.740000000002,58.42999999999999,ANCC
11863.990000000002,58.31,ANCC
11864.240000000002,57.599999999999994,ANCC
11864.490000000002,57.730000000000004,ANCC
11864.730000000001,58.64,ANCC
11864.980000000001,62.67999999999999,ANCC
11865.230000000001,69.94,ANCC
11865.480000000001,79.24000000000001,ANCC
11865.730000000001,89.42,ANCC
11865.980000000001,95.9,ANCC
11866.230000000001,99.12,ANCC
11866.480000000001,99.72,ANCC
11866.730000000001,99.4,ANCC
11866.980000000001,101.29,ANCC
11867.230000000001,103.22,ANCC
11867.480000000001,104.11,ANCC
11867.730000000001,102.33,ANCC
11867.980000000001,96.56,ANCC
11868.230000000001,91.07000000000001,ANCC
11868.480000000001,86.03,ANCC
11868.730000000001,83.25,ANCC
11868.980000000001,82.45,ANCC
11869.230000000001,82.37,ANCC
11869.480000000001,82.14,ANCC
11869.730000000001,81.98,ANCC
11869.980000000001,83.29,ANCC
11870.230000000001,85.43,ANCC
11870.480000000001,89.45,ANCC
11870.730000000001,93.66,ANCC
11870.980000000001,95.36,ANCC
11871.230000000001,96.88000000000001,ANCC
11871.480000000001,98.01,ANCC
11871.730000000001,100.94,ANCC
11871.980000000001,104.7,ANCC
11872.230000000001,107.51,ANCC
11872.480000000001,109.10000000000001,ANCC
11872.730000000001,107.24000000000001,ANCC
11872.980000000001,104.33,ANCC
11873.230000000001,100.12,ANCC
11873.480000000001,94.55,ANCC
11873.730000000001,88.62,ANCC
11873.980000000001,82.82000000000001,ANCC
11874.230000000001,77.97,ANCC
11874.480000000001,75.47,ANCC
11874.730000000001,74.62,ANCC
11874.980000000001,75.81,ANCC
11875.230000000001,77.5,ANCC
11875.480000000001,77.77,ANCC
11875.730000000001,76.82000000000001,ANCC
11875.980000000001,74.08,ANCC
11876.230000000001,72.69,ANCC
11876.480000000001,72.89,ANCC
11876.730000000001,75.12,ANCC
11876.980000000001,78.48,ANCC
11877.230000000001,80.39,ANCC
11877.480000000001,81.84,ANCC
11877.730000000001,81.52,ANCC
11877.980000000001,80.63000000000001,ANCC
11878.230000000001,80.33,ANCC
11878.480000000001,80.15,ANCC
11878.730000000001,80.15,ANCC
11878.980000000001,80.53,ANCC
11879.230000000001,80.63000000000001,ANCC
11879.480000000001,81.13000000000001,ANCC
11879.730000000001,81.89,ANCC
11879.980000000001,82.16,ANCC
11880.230000000001,82.54,ANCC
11880.480000000001,81.89,ANCC
11880.730000000001,81.63000000000001,ANCC
11880.980000000001,81.74000000000001,ANCC
11881.230000000001,81.28,ANCC
11881.480000000001,81.68,ANCC
11881.730000000001,80.8,ANCC
11881.980000000001,79.95,ANCC
11882.230000000001,80.11,ANCC
11882.480000000001,81.61,ANCC
11882.730000000001,85.63000000000001,ANCC
11882.980000000001,91.03,ANCC
11883.220000000001,95.52,ANCC
11883.470000000001,98.42,ANCC
11883.720000000001,98.84,ANCC
11883.970000000001,97.78,ANCC
11884.220000000001,95.7,ANCC
11884.470000000001,93.29,ANCC
11884.720000000001,91.14,ANCC
11884.970000000001,89.33,ANCC
11885.220000000001,88.58,ANCC
11885.470000000001,87.81,ANCC
11885.720000000001,87.38000000000001,ANCC
11885.970000000001,87.17,ANCC
11886.220000000001,86.72,ANCC
11886.470000000001,86.93,ANCC
11886.720000000001,87.59,ANCC
11886.970000000001,88.61,ANCC
11887.220000000001,90.67,ANCC
11887.470000000001,91.53,ANCC
11887.720000000001,91.46000000000001,ANCC
11887.970000000001,90.58,ANCC
11888.220000000001,89.43,ANCC
11888.470000000001,90.11,ANCC
11888.720000000001,91.49000000000001,ANCC
11888.970000000001,93.01,ANCC
11889.220000000001,94.55,ANCC
11889.470000000001,95.35000000000001,ANCC
11889.720000000001,95.58,ANCC
11889.970000000001,96.54,ANCC
11890.220000000001,97.52,ANCC
11890.470000000001,98.29,ANCC
11890.720000000001,98.19,ANCC
11890.970000000001,96.73,ANCC
11891.220000000001,94.31,ANCC
11891.470000000001,92.44,ANCC
11891.720000000001,91.03,ANCC
11891.970000000001,90.49000000000001,ANCC
11892.220000000001,90.27,ANCC
11892.470000000001,89.2,ANCC
11892.720000000001,88.52,ANCC
11892.970000000001,87.99000000000001,ANCC
11893.220000000001,88.36,ANCC
11893.470000000001,89.39,ANCC
11893.720000000001,90.56,ANCC
11893.970000000001,92.59,ANCC
11894.220000000001,94.85000000000001,ANCC
11894.470000000001,96.38000000000001,ANCC
11894.720000000001,97.14,ANCC
11894.970000000001,96.19,ANCC
11895.220000000001,94.06,ANCC
11895.470000000001,93.33,ANCC
11895.720000000001,92.47,ANCC
11895.970000000001,92.17,ANCC
11896.220000000001,90.72,ANCC
11896.470000000001,88.56,ANCC
11896.720000000001,87.08,ANCC
11896.970000000001,86.35000000000001,ANCC
11897.220000000001,86.22,ANCC
11897.470000000001,85.73,ANCC
11897.720000000001,84.94,ANCC
11897.970000000001,84.18,ANCC
11898.220000000001,84.89,ANCC
11898.470000000001,85.26,ANCC
11898.720000000001,85.89,ANCC
11898.970000000001,85.53,ANCC
11899.220000000001,85.98,ANCC
11899.470000000001,87.36,ANCC
11899.720000000001,89.56,ANCC
11899.970000000001,91.49000000000001,ANCC
11900.220000000001,91.73,ANCC
11900.470000000001,90.57000000000001,ANCC
11900.710000000001,88.99000000000001,ANCC
11900.960000000001,87.9,ANCC
11901.210000000001,88.09,ANCC
11901.460000000001,89.63000000000001,ANCC
11901.710000000001,90.59,ANCC
11901.960000000001,91.69,ANCC
11902.210000000001,92.37,ANCC
11902.460000000001,93.52,ANCC
11902.710000000001,95.84,ANCC
11902.960000000001,97.95,ANCC
11903.210000000001,100.94,ANCC
11903.460000000001,103.76,ANCC
11903.710000000001,105.08,ANCC
11903.960000000001,105.55,ANCC
11904.210000000001,102.18,ANCC
11904.460000000001,97.62,ANCC
11904.710000000001,93.33,ANCC
11904.960000000001,89.92,ANCC
11905.210000000001,88.16,ANCC
11905.460000000001,86.63000000000001,ANCC
11905.710000000001,85.58,ANCC
11905.960000000001,84.63000000000001,ANCC
11906.210000000001,84.2,ANCC
11906.460000000001,84.05,ANCC
11906.710000000001,83.14,ANCC
11906.960000000001,82.92,ANCC
11907.210000000001,82.28,ANCC
11907.460000000001,81.29,ANCC
11907.710000000001,80.43,ANCC
11907.960000000001,78.76,ANCC
11908.210000000001,78.61,ANCC
11908.460000000001,78.97,ANCC
11908.710000000001,80.24000000000001,ANCC
11908.960000000001,81.96000000000001,ANCC
11909.210000000001,84.01,ANCC
11909.460000000001,84.76,ANCC
11909.710000000001,84.63000000000001,ANCC
11909.960000000001,84.06,ANCC
11910.210000000001,83.34,ANCC
11910.460000000001,83.32000000000001,ANCC
11910.710000000001,83.65,ANCC
11910.960000000001,84.10000000000001,ANCC
11911.210000000001,83.60000000000001,ANCC
11911.460000000001,83.18,ANCC
11911.710000000001,82.81,ANCC
11911.960000000001,82.86,ANCC
11912.210000000001,82.74000000000001,ANCC
11912.460000000001,83.2,ANCC
11912.710000000001,83.98,ANCC
11912.960000000001,84.92,ANCC
11913.210000000001,86.86,ANCC
11913.460000000001,88.15,ANCC
11913.710000000001,88.71000000000001,ANCC
11913.960000000001,88.88000000000001,ANCC
11914.210000000001,87.96000000000001,ANCC
11914.460000000001,87.47,ANCC
11914.710000000001,88.85000000000001,ANCC
11914.960000000001,90.77,ANCC
11915.210000000001,94.06,ANCC
11915.460000000001,97.92,ANCC
11915.710000000001,101.42,ANCC
11915.960000000001,102.33,ASTNU
11916.210000000001,99.59,ASTNU
11916.460000000001,93.10000000000001,ASTNU
11916.710000000001,84.9,ASTNU
11916.960000000001,78.26,ASTNU
11917.2,73.66,ASTNU
11917.45,70.79,ASTNU
11917.7,68.92,ASTNU
11917.95,67.07,ASTNU
11918.2,65.15,ASTNU
11918.45,61.95,ASTNU
11918.7,58.900000000000006,ASTNU
11918.95,56.56999999999999,ASTNU
11919.2,55.209999999999994,ASTNU
11919.45,55.17999999999999,ASTNU
11919.7,54.959999999999994,ASTNU
11919.95,54.91,ASTNU
11920.2,56.379999999999995,ASTNU
11920.45,57.84,ASTNU
11920.7,60.55,ASTNU
11920.95,61.44,ASTNU
11921.2,60.739999999999995,ASTNU
11921.45,59.31999999999999,ASTNU
11921.7,57.42999999999999,ASTNU
11921.95,58.09,ASTNU
11922.2,61.14,ASTNU
11922.45,65.97,ASTNU
11922.7,71.78,ASTNU
11922.95,75.3,ASTNU
11923.2,77.10000000000001,ASTNU
11923.45,77.49000000000001,ASTNU
11923.7,76.21000000000001,ASTNU
11923.95,74.56,ASTNU
11924.2,72.65,ASTNU
11924.45,70.89,ASTNU
11924.7,70.12,ASTNU
11924.95,70.49,ASTNU
11925.2,70.94,ASTNU
11925.45,71.63,ASTNU
11925.7,73.11,ASTNU
11925.95,73.98,ASTNU
11926.2,74.78,ASTNU
11926.45,74.74,ASTNU
11926.7,72.45,ASTNU
11926.95,70.2,ASTNU
11927.2,67.38,ASTNU
11927.45,65.67999999999999,ASTNU
11927.7,65.71,ASTNU
11927.95,65.97,ASTNU
11928.2,66.73,ASTNU
11928.45,67.01,ASTNU
11928.7,66.55,ASTNU
11928.95,66.34,ASTNU
11929.2,66.1,ASTNU
11929.45,65.27,ASTNU
11929.7,64.17999999999999,ASTNU
11929.95,62.989999999999995,ASTNU
11930.2,62.5,ASTNU
11930.45,62.61,ASTNU
11930.7,62.8,ASTNU
11930.95,62.81,ASTNU
11931.2,62.31999999999999,ASTNU
11931.45,62.519999999999996,ASTNU
11931.7,63.760000000000005,ASTNU
11931.95,65.67,ASTNU
11932.2,68.07,ASTNU
11932.45,69.97,ASTNU
11932.7,70.19,ASTNU
11932.95,68.67,ASTNU
11933.2,65.06,ASTNU
11933.44,60.91,ASTNU
11933.69,57.44,ASTNU
11933.94,56.17999999999999,ASTNU
11934.19,56.2,ASTNU
11934.44,57.92999999999999,ASTNU
11934.69,60.31999999999999,ASTNU
11934.94,62.59,ASTNU
11935.19,65.33,ASTNU
11935.44,67.65,ASTNU
11935.69,69.12,ASTNU
11935.94,69.67999999999999,ASTNU
11936.19,68.39,ASTNU
11936.44,66.53,ASTNU
11936.69,64.37,ASTNU
11936.94,62.53,ASTNU
11937.19,60.900000000000006,ASTNU
11937.44,59.260000000000005,ASTNU
11937.69,57.33,ASTNU
11937.94,55.69,ASTNU
11938.19,54.09,ASTNU
11938.44,52.519999999999996,ASTNU
11938.69,51.42999999999999,ASTNU
11938.94,50.92,ASTNU
11939.19,51.58,ASTNU
11939.44,52.31999999999999,ASTNU
11939.69,53.31999999999999,ASTNU
11939.94,54.41,ASTNU
11940.19,55.790000000000006,ASTNU
11940.44,58.42999999999999,ASTNU
11940.69,61.83,ASTNU
11940.94,64.92,ASTNU
11941.19,67.73,ASTNU
11941.44,68.52,ASTNU
11941.69,67.67,ASTNU
11941.94,65.28,ASTNU
11942.19,61.45,ASTNU
11942.44,58.31999999999999,ASTNU
11942.69,55.7,ASTNU
11942.94,54.17,ASTNU
11943.19,53.39,ASTNU
11943.44,52.980000000000004,ASTNU
11943.69,52.989999999999995,ASTNU
11943.94,54.09,ASTNU
11944.19,55.69,ASTNU
11944.44,58.0,ASTNU
11944.69,60.790000000000006,ASTNU
11944.94,63.66,ASTNU
11945.19,66.17999999999999,ASTNU
11945.44,66.61,ASTNU
11945.69,65.09,ASTNU
11945.94,61.989999999999995,ASTNU
11946.19,58.8,ASTNU
11946.44,57.03,ASTNU
11946.69,56.72,ASTNU
11946.94,57.08,ASTNU
11947.19,57.230000000000004,ASTNU
11947.44,56.61,ASTNU
11947.69,55.81,ASTNU
11947.94,55.41,ASTNU
11948.19,56.08,ASTNU
11948.44,57.239999999999995,ASTNU
11948.69,57.849999999999994,ASTNU
11948.94,57.459999999999994,ASTNU
11949.18,55.730000000000004,ASTNU
11949.43,53.41,ASTNU
11949.68,51.489999999999995,ASTNU
11949.93,49.480000000000004,ASTNU
11950.18,47.519999999999996,ASTNU
11950.43,45.72,ASTNU
11950.68,44.86,ASTNU
11950.93,46.209999999999994,ASTNU
11951.18,49.22,ASTNU
11951.43,53.64,ASTNU
11951.68,58.81999999999999,ASTNU
11951.93,65.06,ASTNU
11952.18,73.3,ASTNU
11952.43,82.27,ASTNU
11952.68,89.27,ASTNU
11952.93,91.98,ASTNU
11953.18,89.10000000000001,ASTNU
11953.43,83.78,ASTNU
11953.68,78.34,ASTNU
11953.93,74.45,ASTNU
11954.18,71.38,ASTNU
11954.43,66.91,ASTNU
11954.68,62.150000000000006,ASTNU
11954.93,56.870000000000005,ASTNU
11955.18,53.75,ASTNU
11955.43,52.59,ASTNU
11955.68,52.620000000000005,ASTNU
11955.93,53.290000000000006,ASTNU
11956.18,53.5,ASTNU
11956.43,53.540000000000006,ASTNU
11956.68,53.459999999999994,ASTNU
11956.93,53.209999999999994,ASTNU
11957.18,52.58,ASTNU
11957.43,51.730000000000004,ASTNU
11957.68,50.980000000000004,ASTNU
11957.93,50.91,ASTNU
11958.18,51.370000000000005,ASTNU
11958.43,51.31,ASTNU
11958.68,50.150000000000006,ASTNU
11958.93,48.58,ASTNU
11959.18,47.03,ASTNU
11959.43,46.16,ASTNU
11959.68,46.7,ASTNU
11959.93,47.730000000000004,ASTNU
11960.18,48.69,ASTNU
11960.43,50.08,ASTNU
11960.68,51.739999999999995,ASTNU
11960.93,54.03,ASTNU
11961.18,57.709999999999994,ASTNU
11961.43,62.08,ASTNU
11961.68,66.45,ASTNU
11961.93,69.7,ASTNU
11962.18,70.59,ASTNU
11962.43,68.82,ASTNU
11962.68,66.58,ASTNU
11962.93,63.870000000000005,ASTNU
11963.18,62.480000000000004,ASTNU
11963.43,61.56,ASTNU
11963.68,60.379999999999995,ASTNU
11963.93,60.19,ASTNU
11964.18,59.06,ASTNU
11964.43,58.209999999999994,ASTNU
11964.68,56.95,ASTNU
11964.92,55.08,ASTNU
11965.17,53.64,ASTNU
11965.42,52.81999999999999,ASTNU
11965.67,52.44,ASTNU
11965.92,52.3,ASTNU
11966.17,52.3,ASTNU
11966.42,52.91,ASTNU
11966.67,54.67,ASTNU
11966.92,57.5,ASTNU
11967.17,61.81,ASTNU
11967.42,67.29,ASTNU
11967.67,73.46,ASTNU
11967.92,79.58,ASTNU
11968.17,84.8,ASTNU
11968.42,89.0,ASTNU
11968.67,92.36,ASTNU
11968.92,96.76,ASTNU
11969.17,103.86,ASTNU
11969.42,115.15,ASTNU
11969.67,130.76,ASTNU
11969.92,146.98,ASTNU
11970.17,157.42999999999998,ASTNU
11970.42,158.6,ASTNU
11970.67,147.91,ASTNU
11970.92,129.62,ASTNU
11971.17,108.63000000000001,ASTNU
11971.42,89.75,ASTNU
11971.67,78.24000000000001,ASTNU
11971.92,73.42999999999999,ASTNU
11972.17,73.94,ASTNU
11972.42,76.14,ASTNU
11972.67,76.68,ASTNU
11972.92,75.37,ASTNU
11973.17,73.3,ASTNU
11973.42,72.84,ASTNU
11973.67,76.09,ASTNU
11973.92,82.15,ASTNU
11974.17,90.06,ASTNU
11974.42,98.23,ASTNU
11974.67,102.15,ASTNU
11974.92,100.79,ASTNU
11975.17,94.16,ASTNU
11975.42,84.33,ASTNU
11975.67,75.57,ASTNU
11975.92,69.2,ASTNU
11976.17,65.11,ASTNU
11976.42,62.31999999999999,ASTNU
11976.67,60.56,ASTNU
11976.92,59.92,ASTNU
11977.17,60.040000000000006,ASTNU
11977.42,61.36,ASTNU
11977.67,62.86,ASTNU
11977.92,65.63,ASTNU
11978.17,68.57,ASTNU
11978.42,70.37,ASTNU
11978.67,71.0,ASTNU
11978.92,69.73,ASTNU
11979.17,68.16,ASTNU
11979.42,66.75,ASTNU
11979.67,65.41,ASTNU
11979.92,64.64,ASTNU
11980.16,63.66,ASTNU
11980.41,62.69,ASTNU
11980.66,62.230000000000004,ASTNU
11980.91,61.480000000000004,ASTNU
11981.16,60.92999999999999,ASTNU
11981.41,61.3,ASTNU
11981.66,62.64,ASTNU
11981.91,66.13,ASTNU
11982.16,70.74,ASTNU
11982.41,75.22,ASTNU
11982.66,77.21000000000001,ASTNU
11982.91,75.64,ASTNU
11983.16,70.52,ASTNU
11983.41,64.29,ASTNU
11983.66,58.92999999999999,ASTNU
11983.91,55.760000000000005,ASTNU
11984.16,55.19,ASTNU
11984.41,56.06999999999999,ASTNU
11984.66,58.28,ASTNU
11984.91,61.7,ASTNU
11985.16,66.41,ASTNU
11985.41,73.12,ASTNU
11985.66,81.60000000000001,ASTNU
11985.91,89.2,ASTNU
11986.16,94.34,ASTNU
11986.41,93.74000000000001,ASTNU
11986.66,88.33,ASTNU
11986.91,80.76,ASTNU
11987.16,74.08,ASTNU
11987.41,69.96,ASTNU
11987.66,70.71,ASTNU
11987.91,75.09,ASTNU
11988.16,81.86,ASTNU
11988.41,87.63000000000001,ASTNU
11988.66,87.48,ASTNU
11988.91,81.83,ASTNU
11989.16,71.16,ASTNU
11989.41,58.92,ASTNU
11989.66,49.08,ASTNL
11989.91,42.28,ASTNL
11990.16,38.9,ASTNL
11990.41,38.25,ASTNL
11990.66,38.7,ASTNL
11990.91,40.01,ASTNL
11991.16,41.489999999999995,ASTNL
11991.41,42.2,ASTNL
11991.66,42.66,ASTNL
11991.91,41.84,ASTNL
11992.16,40.95,ASTNL
11992.41,39.96,ASTNL
11992.66,39.79,ASTNL
11992.91,40.83,ASTNL
11993.16,43.06,ASTNL
11993.41,45.989999999999995,ASTNL
11993.66,50.010000000000005,ASTNL
11993.91,54.730000000000004,ASTNL
11994.16,60.61,ASTNL
11994.41,68.81,ASTNL
11994.66,79.03,ASTNL
11994.91,91.16,ASTNL
11995.16,103.63000000000001,ASTNL
11995.400000000001,112.72,ASTNL
11995.650000000001,116.83,ASTNL
11995.900000000001,114.93,ASTNL
11996.150000000001,106.08,ASTNL
11996.400000000001,92.48,ASTNL
11996.650000000001,76.22,ASTNL
11996.900000000001,62.120000000000005,ASTNL
11997.150000000001,52.28,ASTNL
11997.400000000001,47.31,ASTNL
11997.650000000001,45.56,ASTNL
11997.900000000001,44.91,ASTNL
11998.150000000001,44.0,ASTNL
11998.400000000001,42.379999999999995,ASTNL
11998.650000000001,40.75,ASTNL
11998.900000000001,39.67,ASTNL
11999.150000000001,39.75,ASTNL
11999.400000000001,40.26,ASTNL
11999.650000000001,40.8,ASTNL
11999.900000000001,40.379999999999995,ASTNL
12000.150000000001,39.86,ASTNL
12000.400000000001,39.53,ASTNL
12000.650000000001,39.239999999999995,ASTNL
12000.900000000001,39.620000000000005,ASTNL
12001.150000000001,40.2,ASTNL
12001.400000000001,40.95,ASTNL
12001.650000000001,41.620000000000005,ASTNL
12001.900000000001,41.53,ASTNL
12002.150000000001,41.120000000000005,ASTNL
12002.400000000001,40.769999999999996,ASTNL
12002.650000000001,40.71,ASTNL
12002.900000000001,41.41,ASTNL
12003.150000000001,42.0,ASTNL
12003.400000000001,42.11,ASTNL
12003.650000000001,42.53,ASTNL
12003.900000000001,42.14,ASTNL
12004.150000000001,41.56,ASTNL
12004.400000000001,41.47,ASTNL
12004.650000000001,40.75,ASTNL
12004.900000000001,41.03,ASTNL
12005.150000000001,41.32,ASTNL
12005.400000000001,41.67,ASTNL
12005.650000000001,43.370000000000005,ASTNL
12005.900000000001,46.709999999999994,ASTNL
12006.150000000001,52.92,ASTNL
12006.400000000001,61.91,ASTNL
12006.650000000001,71.25,ASTNL
12006.900000000001,78.01,ASTNL
12007.150000000001,79.52,ASTNL
12007.400000000001,75.02,ASTNL
12007.650000000001,66.17999999999999,ASTNL
12007.900000000001,55.730000000000004,ASTNL
12008.150000000001,47.349999999999994,ASTNL
12008.400000000001,43.4,ASTNL
12008.650000000001,43.03,ASTNL
12008.900000000001,45.629999999999995,ASTNL
12009.150000000001,47.92999999999999,ASTNL
12009.400000000001,48.629999999999995,ASTNL
12009.650000000001,46.83,ASTNL
12009.900000000001,42.519999999999996,ASTNL
12010.150000000001,38.04,ASTNL
12010.390000000001,34.4,ASTNL
12010.640000000001,32.56,ASTNL
12010.890000000001,32.31,ASTNL
12011.140000000001,32.9,ASTNL
12011.390000000001,34.16,ASTNL
12011.640000000001,35.84,ASTNL
12011.890000000001,38.4,ASTNL
12012.140000000001,40.879999999999995,ASTNL
12012.390000000001,43.0,ASTNL
12012.640000000001,43.849999999999994,ASTNL
12012.890000000001,43.96,ASTNL
12013.140000000001,43.42,ASTNL
12013.390000000001,42.769999999999996,ASTNL
12013.640000000001,43.18,ASTNL
12013.890000000001,43.64,ASTNL
12014.140000000001,45.0,ASTNL
12014.390000000001,45.19,ASTNL
12014.640000000001,43.69,ASTNL
12014.890000000001,41.39,ASTNL
12015.140000000001,37.480000000000004,ASTNL
12015.390000000001,34.26,ASTNL
12015.640000000001,32.15,ASTNL
12015.890000000001,30.96,ASTNL
12016.140000000001,31.04,ASTNL
12016.390000000001,32.11,ASTNL
12016.640000000001,34.06,ASTNL
12016.890000000001,36.56,ASTNL
12017.140000000001,38.61,ASTNL
12017.390000000001,38.71,ASTNL
12017.640000000001,37.489999999999995,ASTNL
12017.890000000001,35.34,ASTNL
12018.140000000001,33.519999999999996,ASTNL
12018.390000000001,32.870000000000005,ASTNL
12018.640000000001,32.65,ASTNL
12018.890000000001,32.7,ASTNL
12019.140000000001,32.41,ASTNL
12019.390000000001,32.019999999999996,ASTNL
12019.640000000001,31.9,ASTNL
12019.890000000001,32.47,ASTNL
12020.140000000001,34.269999999999996,ASTNL
12020.390000000001,36.739999999999995,ASTNL
12020.640000000001,39.879999999999995,ASTNL
12020.890000000001,42.3,ASTNL
12021.140000000001,42.92,ASTNL
12021.390000000001,42.34,ASTNL
12021.640000000001,41.18,ASTNL
12021.890000000001,40.989999999999995,ASTNL
12022.140000000001,44.510000000000005,ASTNL
12022.390000000001,51.34,ASTNL
12022.640000000001,60.42999999999999,ASTNL
12022.890000000001,69.56,ASTNL
12023.140000000001,73.17,ASTNL
12023.390000000001,71.0,ASTNL
12023.640000000001,62.72,ASTNL
12023.890000000001,50.900000000000006,ASTNL
12024.140000000001,40.81,ASTNL
12024.390000000001,33.82,ASTNL
12024.640000000001,30.599999999999998,ASTNL
12024.880000000001,30.05,ASTNL
12025.130000000001,30.58,ASTNL
12025.380000000001,31.46,ASTNL
12025.630000000001,32.81,ASTNL
12025.880000000001,34.29,ASTNL
12026.130000000001,35.42,ASTNL
12026.380000000001,36.29,ASTNL
12026.630000000001,36.25,ASTNL
12026.880000000001,35.75,ASTNL
12027.130000000001,34.81,ASTNL
12027.380000000001,33.76,ASTNL
12027.630000000001,33.55,ASTNL
12027.880000000001,35.18,ASTNL
12028.130000000001,38.07,ASTNL
12028.380000000001,40.91,ASTNL
12028.630000000001,42.57,ASTNL
12028.880000000001,43.16,ASTNL
12029.130000000001,43.69,ASTNL
12029.380000000001,45.92,ASTNL
12029.630000000001,49.09,ASTNL
12029.880000000001,50.959999999999994,ASTNL
12030.130000000001,50.879999999999995,ASTNL
12030.380000000001,47.400000000000006,ASTNL
12030.630000000001,42.21,ASTNL
12030.880000000001,37.019999999999996,ASTNL
12031.130000000001,32.51,ASTNL
12031.380000000001,30.099999999999998,ASTNL
12031.630000000001,28.849999999999998,ASTNL
12031.880000000001,28.55,ASTNL
12032.130000000001,28.4,ASTNL
12032.380000000001,28.66,ASTNL
12032.630000000001,29.64,ASTNL
12032.880000000001,31.24,ASTNL
12033.130000000001,33.3,ASTNL
12033.380000000001,35.39,ASTNL
12033.630000000001,37.28,ASTNL
12033.880000000001,39.05,ASTNL
12034.130000000001,40.489999999999995,ASTNL
12034.380000000001,40.43,ASTNL
12034.630000000001,39.46,ASTNL
12034.880000000001,37.489999999999995,ASTNL
12035.130000000001,35.16,ASTNL
12035.380000000001,33.349999999999994,ASTNL
12035.630000000001,32.08,ASTNL
12035.880000000001,30.83,ASTNL
12036.130000000001,30.099999999999998,ASTNL
12036.380000000001,29.95,ASTNL
12036.630000000001,30.2,ASTNL
12036.880000000001,30.65,ASTNL
12037.130000000001,30.55,ASTNL
12037.380000000001,30.41,ASTNL
12037.630000000001,30.599999999999998,ASTNL
12037.880000000001,31.47,ASTNL
12038.130000000001,32.879999999999995,ASTNL
12038.380000000001,34.66,ASTNL
12038.630000000001,37.05,ASTNL
12038.880000000001,39.28,ASTNL
12039.130000000001,41.32,ASTNL
12039.37,41.44,ASTNL
12039.62,39.43,ASTNL
12039.87,36.05,ASTNL
12040.12,32.81,ASTNL
12040.37,31.06,ASTNL
12040.62,31.02,ASTNL
12040.87,32.480000000000004,ASTNL
12041.12,34.83,ASTNL
12041.37,37.3,ASTNL
12041.62,39.54,ASTNL
12041.87,41.41,ASTNL
12042.12,42.54,ASTNL
12042.37,43.09,ASTNL
12042.62,43.18,ASTNL
12042.87,42.69,ASTNL
12043.12,41.51,ASTNL
12043.37,39.93,ASTNL
12043.62,38.06,ASTNL
12043.87,35.769999999999996,ASTNL
12044.12,34.4,ASTNL
12044.37,34.47,ASTNL
12044.62,37.019999999999996,ASTNL
12044.87,43.06,ASTNL
12045.12,52.22,ASTNL
12045.37,61.739999999999995,ASTNL
12045.62,68.92999999999999,ASTNL
12045.87,70.07,ASTNL
12046.12,66.34,ASTNL
12046.37,60.28,ASTNL
12046.62,55.239999999999995,ASTNL
12046.87,53.06999999999999,ASTNL
12047.12,50.739999999999995,ASTNL
12047.37,48.019999999999996,ASTNL
12047.62,43.379999999999995,ASTNL
12047.87,38.39,ASTNL
12048.12,34.349999999999994,ASTNL
12048.37,31.47,ASTNL
12048.62,29.79,ASTNL
12048.87,28.56,ASTNL
12049.12,27.619999999999997,ASTNL
12049.37,26.869999999999997,ASTNL
12049.62,26.38,ASTNL
12049.87,26.479999999999997,ASTNL
12050.12,26.7,ASTNL
12050.37,27.729999999999997,ASTNL
12050.62,30.38,ASTNL
12050.87,34.629999999999995,ASTNL
12051.12,40.480000000000004,ASTNL
12051.37,46.42999999999999,ASTNL
12051.62,49.879999999999995,ASTNL
12051.87,50.370000000000005,ASTNL
12052.12,48.09,ASTNL
12052.37,44.59,ASTNL
12052.62,42.39,ASTNL
12052.87,41.72,ASTNL
12053.12,42.17,ASTNL
12053.37,42.269999999999996,ASTNL
12053.61,41.730000000000004,ASTNL
12053.86,40.42,ASTNL
12054.11,39.599999999999994,ASTNL
12054.36,39.43,ASTNL
12054.61,39.53,ASTNL
12054.86,39.480000000000004,ASTNL
12055.11,39.19,ASTNL
12055.36,38.06,ASTNL
12055.61,36.68,ASTNL
12055.86,34.96,ASTNL
12056.11,33.230000000000004,ASTNL
12056.36,32.25,ASTNL
12056.61,32.0,ASTNL
12056.86,32.69,ASTNL
12057.11,34.25,ASTNL
12057.36,35.65,ASTNL
12057.61,37.45,ASTNL
12057.86,39.129999999999995,ASTNL
12058.11,40.03,ASTNL
12058.36,40.379999999999995,ASTNL
12058.61,39.31,ASTNL
12058.86,37.54,ASTNL
12059.11,35.849999999999994,ASTNL
12059.36,34.849999999999994,ASTNL
12059.61,35.66,ASTNL
12059.86,36.92,ASTNL
12060.11,37.86,ASTNL
12060.36,37.16,ASTNL
12060.61,35.01,ASTNL
12060.86,32.66,ASTNL
12061.11,30.87,ASTNL
12061.36,30.169999999999998,ASTNL
12061.61,30.59,ASTNL
12061.86,31.33,ASTNL
12062.11,32.11,ASTNL
12062.36,33.22,ASTNL
12062.61,34.17,ASTNL
12062.86,35.57,ASTNL
12063.11,37.06,ASTNL
12063.36,38.3,ASTNL
12063.61,38.66,ASTNL
12063.86,37.68,ASTNL
12064.11,36.21,ASTNL
12064.36,34.58,ASTNL
12064.61,33.96,ASTNL
12064.86,34.519999999999996,ASTNL
12065.11,35.349999999999994,ASTNL
12065.36,36.46,ASTNL
12065.61,36.989999999999995,ASTNL
12065.86,36.519999999999996,ASTNL
12066.11,35.86,ASTNL
12066.36,34.69,ASTNL
12066.61,34.19,ASTNL
12066.86,34.96,ASTNL
12067.11,36.97,ASTNL
12067.36,39.41,ASTNL
12067.61,41.42,ASTNL
12067.85,41.92,ASTNL
12068.1,41.69,ASTNL
12068.35,41.730000000000004,ASTNL
12068.6,41.31,ASTNL
12068.85,39.95,ASTNL
12069.1,37.45,ASTNL
12069.35,33.89,ASTNL
12069.6,30.82,ASTNL
12069.85,29.47,ASTNL
12070.1,29.24,ASTNL
12070.35,29.91,ASTNL
12070.6,31.09,ASTNL
12070.85,32.01,ASTNL
12071.1,33.26,ASTNL
12071.35,34.41,ASTNL
12071.6,35.29,ASTNL
12071.85,35.94,ASTNL
12072.1,35.96,ASTNL
12072.35,35.19,ASTNL
12072.6,34.05,ASTNL
12072.85,32.489999999999995,ASTNL
12073.1,31.38,ASTNL
12073.35,30.65,ASTNL
12073.6,30.169999999999998,ASTNL
12073.85,30.63,ASTNL
12074.1,32.19,ASTNL
12074.35,34.9,ASTNL
12074.6,38.06,ASTNL
12074.85,39.629999999999995,ASTNL
12075.1,38.89,ASTNL
12075.35,36.92,ASTNL
12075.6,34.91,ASTNL
12075.85,34.370000000000005,ASTNL
12076.1,35.4,ASTNL
12076.35,36.53,ASTNL
12076.6,36.83,ASTNL
12076.85,36.34,ASTNL
12077.1,34.71,ASTNL
12077.35,33.3,ASTNL
12077.6,32.16,ASTNL
12077.85,30.96,ASTNL
12078.1,30.45,ASTNL
12078.35,30.68,ASTNL
12078.6,33.46,ASTNL
12078.85,39.51,ASTNL
12079.1,49.099999999999994,ASTNL
12079.35,60.67999999999999,ASTNL
12079.6,70.08,ASTNL
12079.85,74.95,ASTNL
12080.1,74.26,ASTNL
12080.35,69.46,ASTNL
12080.6,66.87,ASTNL
12080.85,71.96,ASTNL
12081.1,86.64,ASTNL
12081.35,109.29,ASTNL
12081.59,133.87,ASTNL
12081.84,155.86999999999998,ASTNL
12082.09,168.10999999999999,ASTNL
12082.34,166.75,ASTNL
12082.59,150.81,ASTNL
12082.84,123.62,ASTNL
12083.09,97.48,ASTNL
12083.34,76.76,ASTNL
12083.59,64.52,ASTNL
12083.84,56.81,ASTNL
12084.09,49.84,ASTNL
12084.34,44.629999999999995,ASTNL
12084.59,40.75,ASTNL
12084.84,40.64,ASTNL
12085.09,42.39,ASTNL
12085.34,44.67,ASTNL
12085.59,47.03,ASTNL
12085.84,46.89,ASTNL
12086.09,45.44,ASTNL
12086.34,43.06,ASTNL
12086.59,40.53,ASTNL
12086.84,39.32,ASTNL
12087.09,39.25,ASTNL
12087.34,39.980000000000004,ASTNL
12087.59,41.54,ASTNL
12087.84,42.599999999999994,ASTNL
12088.09,43.59,ASTNL
12088.34,44.59,ASTNL
12088.59,45.81,ASTNL
12088.84,48.09,ASTNL
12089.09,50.769999999999996,ASTNL
12089.34,53.760000000000005,ASTNL
12089.59,56.7,ASTNL
12089.84,59.010000000000005,ASTNL
12090.09,60.72,ASTNL
12090.34,62.16,ASTNL
12090.59,61.56999999999999,ASTNL
12090.84,59.05,ASTNL
12091.09,54.64,ASTNL
12091.34,49.290000000000006,ASTNL
12091.59,46.019999999999996,ASTNL
12091.84,45.66,ASTNL
12092.09,48.2,ASTNL
12092.34,52.42,ASTNL
12092.59,56.36,ASTNL
12092.84,59.61,ASTNL
12093.09,61.64,ASTNL
12093.34,62.31,ASTNL
12093.59,62.41,ASTNL
12093.84,62.17,ASTNL
12094.09,62.209999999999994,ASTNL
12094.34,62.45,ASTNL
12094.59,63.34,ASTNL
12094.84,65.0,ASTNL
12095.09,67.29,ASTNL
12095.33,70.72,ASTNL
12095.58,73.24,ASTNL
12095.83,75.04,ASTNL
12096.08,76.14,ASTNL
12096.33,77.03,ASTNL
12096.58,79.04,ASTNL
12096.83,79.78,ASTNL
12097.08,78.81,ASTNL
12097.33,74.2,ASTNL
12097.58,67.21,ASTNL
12097.83,60.25,ASTNL
12098.08,55.81,ASTNL
12098.33,54.19,ASTNL
12098.58,54.790000000000006,ASTNL
12098.83,57.44,ASTNL
12099.08,61.31,ASTNL
12099.33,67.64,ASTNL
12099.58,74.1,ASTNL
12099.83,78.67,ASTNL
12100.08,80.11,ASTNL
12100.33,78.89,ASTNL
12100.58,76.97,ASTNL
12100.83,75.98,ASTNL
12101.08,76.19,ASTNL
12101.33,77.59,ASTNL
12101.58,78.27,ASTNL
12101.83,77.5,ASTNL
12102.08,74.89,ASTNL
12102.33,69.61,ASTNL
12102.58,64.38,ASTNL
12102.83,60.17999999999999,ASTNL
12103.08,59.16,ASTNL
12103.33,63.72,ASTNL
12103.58,73.97,ASTNL
12103.83,89.62,ASTNL
12104.08,107.16,ASTNL
12104.33,120.74000000000001,ASTNL
12104.58,128.42,ASTNL
12104.83,128.76,ASTNL
12105.08,121.60000000000001,ASTNL
12105.33,108.83,ASTNL
12105.58,92.02,ASTNL
12105.83,75.3,ASTNL
12106.08,62.379999999999995,ASTNL
12106.33,54.58,ASTNL
12106.58,51.400000000000006,ASTNL
12106.83,49.75,ASTNL
12107.08,48.56,ASTNL
12107.33,47.44,ASTNL
12107.58,46.129999999999995,ASTNL
12107.83,45.209999999999994,ASTNL
12108.08,44.709999999999994,ASTNL
12108.33,44.66,ASTNL
12108.58,44.55,ASTNL
12108.820000000002,44.19,ASTNL
12109.070000000002,43.64,ASTNL
12109.320000000002,43.05,ASTNL
12109.570000000002,42.25,ASTNL
12109.820000000002,41.66,ASTNL
12110.070000000002,40.56,ASTNL
12110.320000000002,39.120000000000005,ASTNL
12110.570000000002,38.349999999999994,ASTNL
12110.820000000002,37.980000000000004,ASTNL
12111.070000000002,39.07,ASTNL
12111.320000000002,41.239999999999995,ASTNL
12111.570000000002,43.78,ASTNL
12111.820000000002,45.66,ASTNL
12112.070000000002,46.61,ASTNL
12112.320000000002,46.17,ASTNL
12112.570000000002,44.56999999999999,ASTNL
12112.820000000002,42.46,ASTNL
12113.070000000002,39.8,ASTNL
12113.320000000002,37.78,ASTNL
12113.570000000002,37.45,ASTNL
12113.820000000002,39.19,ASTNL
12114.070000000002,42.66,ASTNL
12114.320000000002,46.17,ASTNL
12114.570000000002,48.67999999999999,ASTNL
12114.820000000002,49.260000000000005,ASTNL
12115.070000000002,49.45,ASTNL
12115.320000000002,52.599999999999994,ASTNL
12115.570000000002,61.84,ASTNL
12115.820000000002,78.62,ASTNL
12116.070000000002,100.15,ASTNL
12116.320000000002,120.37,ASTNL
12116.570000000002,135.31,ASTNL
12116.820000000002,143.11999999999998,ASTNL
12117.070000000002,146.70999999999998,ASTNL
12117.320000000002,147.76,ASTNL
12117.570000000002,149.08999999999997,ASTNL
12117.820000000002,151.63,ASTNL
12118.070000000002,154.63,ASTNL
12118.320000000002,156.81,ASTNL
12118.570000000002,154.95999999999998,ASTNL
12118.820000000002,144.42999999999998,ASTNL
12119.070000000002,126.17,ASTNL
12119.320000000002,101.98,ASTNL
12119.570000000002,79.04,EGFDU
12119.820000000002,63.709999999999994,EGFDU
12120.070000000002,55.11,EGFDU
12120.320000000002,53.230000000000004,EGFDU
12120.570000000002,53.709999999999994,EGFDU
12120.820000000002,54.31999999999999,EGFDU
12121.070000000002,54.900000000000006,EGFDU
12121.320000000002,54.14,EGFDU
12121.570000000002,52.58,EGFDU
12121.820000000002,51.17,EGFDU
12122.060000000001,50.78,EGFDU
12122.310000000001,51.19,EGFDU
12122.560000000001,52.260000000000005,EGFDU
12122.810000000001,52.459999999999994,EGFDU
12123.060000000001,52.06999999999999,EGFDU
12123.310000000001,51.97,EGFDU
12123.560000000001,51.58,EGFDU
12123.810000000001,51.959999999999994,EGFDU
12124.060000000001,51.849999999999994,EGFDU
12124.310000000001,52.03,EGFDU
12124.560000000001,52.459999999999994,EGFDU
12124.810000000001,53.370000000000005,EGFDU
12125.060000000001,54.45,EGFDU
12125.310000000001,55.260000000000005,EGFDU
12125.560000000001,55.95,EGFDU
12125.810000000001,55.84,EGFDU
12126.060000000001,56.08,EGFDU
12126.310000000001,56.19,EGFDU
12126.560000000001,56.19,EGFDU
12126.810000000001,55.629999999999995,EGFDU
12127.060000000001,54.900000000000006,EGFDU
12127.310000000001,54.03,EGFDU
12127.560000000001,54.17,EGFDU
12127.810000000001,54.44,EGFDU
12128.060000000001,54.89,EGFDU
12128.310000000001,54.42,EGFDU
12128.560000000001,54.269999999999996,EGFDU
12128.810000000001,54.489999999999995,EGFDU
12129.060000000001,55.08,EGFDU
12129.310000000001,56.480000000000004,EGFDU
12129.560000000001,57.25,EGFDU
12129.810000000001,59.05,EGFDU
12130.060000000001,61.129999999999995,EGFDU
12130.310000000001,63.489999999999995,EGFDU
12130.560000000001,65.37,EGFDU
12130.810000000001,66.02,EGFDU
12131.060000000001,65.92,EGFDU
12131.310000000001,65.3,EGFDU
12131.560000000001,64.38,EGFDU
12131.810000000001,63.81,EGFDU
12132.060000000001,63.44,EGFDU
12132.310000000001,63.400000000000006,EGFDU
12132.560000000001,63.370000000000005,EGFDU
12132.810000000001,62.92999999999999,EGFDU
12133.060000000001,62.16,EGFDU
12133.310000000001,60.400000000000006,EGFDU
12133.560000000001,59.16,EGFDU
12133.810000000001,57.89,EGFDU
12134.060000000001,55.7,EGFDU
12134.310000000001,53.900000000000006,EGFDU
12134.560000000001,51.010000000000005,EGFDU
12134.810000000001,49.489999999999995,EGFDU
12135.060000000001,49.61,EGFDU
12135.300000000001,49.989999999999995,EGFDU
12135.550000000001,51.17999999999999,EGFDU
12135.800000000001,51.480000000000004,EGFDU
12136.050000000001,51.989999999999995,EGFDU
12136.300000000001,52.33,EGFDU
12136.550000000001,52.5,EGFDU
12136.800000000001,52.67,EGFDU
12137.050000000001,52.53,EGFDU
12137.300000000001,53.19,EGFDU
12137.550000000001,53.94,EGFDU
12137.800000000001,54.849999999999994,EGFDU
12138.050000000001,55.379999999999995,EGFDU
12138.300000000001,55.769999999999996,EGFDU
12138.550000000001,55.3,EGFDU
12138.800000000001,54.980000000000004,EGFDU
12139.050000000001,55.260000000000005,EGFDU
12139.300000000001,56.53,EGFDU
12139.550000000001,59.709999999999994,EGFDU
12139.800000000001,63.86,EGFDU
12140.050000000001,66.37,EGFDU
12140.300000000001,67.2,EGFDU
12140.550000000001,64.16,EGFDU
12140.800000000001,59.56999999999999,EGFDU
12141.050000000001,54.53,EGFDU
12141.300000000001,49.97,EGFDU
12141.550000000001,48.56,EGFDU
12141.800000000001,50.34,EGFDU
12142.050000000001,56.019999999999996,EGFDU
12142.300000000001,63.400000000000006,EGFDU
12142.550000000001,69.49,EGFDU
12142.800000000001,72.67,EGFDU
12143.050000000001,73.57,EGFDU
12143.300000000001,72.6,EGFDU
12143.550000000001,72.2,EGFDU
12143.800000000001,72.04,EGFDU
12144.050000000001,72.3,EGFDU
12144.300000000001,73.11,EGFDU
12144.550000000001,73.27,EGFDU
12144.800000000001,73.31,EGFDU
12145.050000000001,72.48,EGFDU
12145.300000000001,71.29,EGFDU
12145.550000000001,70.59,EGFDU
12145.800000000001,70.34,EGFDU
12146.050000000001,70.36,EGFDU
12146.300000000001,69.95,EGFDU
12146.550000000001,68.79,EGFDU
12146.800000000001,67.5,EGFDU
12147.050000000001,67.05,EGFDU
12147.300000000001,66.97,EGFDU
12147.550000000001,65.92,EGFDU
12147.800000000001,62.650000000000006,EGFDU
12148.050000000001,57.58,EGFDU
12148.29,52.510000000000005,EGFDU
12148.54,49.34,EGFDU
12148.79,49.010000000000005,EGFDU
12149.04,50.33,EGFDU
12149.29,53.03,EGFDU
12149.54,55.739999999999995,EGFDU
12149.79,58.269999999999996,EGFDU
12150.04,61.09,EGFDU
12150.29,64.0,EGFDU
12150.54,66.84,EGFDU
12150.79,69.84,EGFDU
12151.04,71.56,EGFDU
12151.29,71.49,EGFDU
12151.54,70.4,EGFDU
12151.79,68.51,EGFDU
12152.04,67.31,EGFDU
12152.29,66.09,EGFDU
12152.54,64.63,EGFDU
12152.79,63.66,EGFDU
12153.04,63.59,EGFDU
12153.29,65.66,EGFDU
12153.54,68.21,EGFDU
12153.79,69.88,EGFDU
12154.04,71.21,EGFDU
12154.29,71.49,EGFDU
12154.54,72.3,EGFDU
12154.79,73.07,EGFDU
12155.04,73.52,EGFDU
12155.29,73.34,EGFDU
12155.54,72.63,EGFDU
12155.79,71.47,EGFDU
12156.04,69.72,EGFDU
12156.29,68.42999999999999,EGFDU
12156.54,67.61,EGFDU
12156.79,67.41,EGFDU
12157.04,66.48,EGFDU
12157.29,64.63,EGFDU
12157.54,61.95,EGFDU
12157.79,58.900000000000006,EGFDU
12158.04,57.05,EGFDU
12158.29,56.06,EGFDU
12158.54,55.010000000000005,EGFDU
12158.79,54.03,EGFDU
12159.04,52.459999999999994,EGFDU
12159.29,50.739999999999995,EGFDU
12159.54,50.739999999999995,EGFDU
12159.79,50.81,EGFDU
12160.04,51.129999999999995,EGFDU
12160.29,51.349999999999994,EGFDU
12160.54,50.599999999999994,EGFDU
12160.79,49.81999999999999,EGFDU
12161.04,48.370000000000005,EGFDU
12161.28,46.370000000000005,EGFDU
12161.53,44.459999999999994,EGFDU
12161.78,43.5,EGFDU
12162.03,44.2,EGFDU
12162.28,46.91,EGFDU
12162.53,51.72,EGFDU
12162.78,57.05,EGFDU
12163.03,62.3,EGFDU
12163.28,66.87,EGFDU
12163.53,70.84,EGFDU
12163.78,75.15,EGFDU
12164.03,79.81,EGFDL
12164.28,84.85000000000001,EGFDL
12164.53,90.73,EGFDL
12164.78,96.67,EGFDL
12165.03,102.54,EGFDL
12165.28,106.25,EGFDL
12165.53,107.69,EGFDL
12165.78,107.14,EGFDL
12166.03,106.37,EGFDL
12166.28,105.93,EGFDL
12166.53,104.82000000000001,EGFDL
12166.78,102.17,EGFDL
12167.03,96.51,EGFDL
12167.28,90.03,EGFDL
12167.53,83.65,EGFDL
12167.78,78.97,EGFDL
12168.03,76.43,EGFDL
12168.28,75.7,EGFDL
12168.53,75.54,EGFDL
12168.78,75.4,EGFDL
12169.03,74.73,EGFDL
12169.28,73.12,EGFDL
12169.53,71.61,EGFDL
12169.78,71.25,EGFDL
12170.03,72.23,EGFDL
12170.28,74.99,EGFDL
12170.53,77.76,EGFDL
12170.78,78.48,EGFDL
12171.03,78.7,EGFDL
12171.28,77.85000000000001,EGFDL
12171.53,77.64,EGFDL
12171.78,79.03,EGFDL
12172.03,80.9,EGFDL
12172.28,83.25,EGFDL
12172.53,84.83,EGFDL
12172.78,85.26,EGFDL
12173.03,83.43,EGFDL
12173.28,79.85000000000001,EGFDL
12173.53,76.91,EGFDL
12173.77,75.67999999999999,EGFDL
12174.02,77.04,EGFDL
12174.27,79.68,EGFDL
12174.52,82.07000000000001,EGFDL
12174.77,82.83,EGFDL
12175.02,82.27,EGFDL
12175.27,80.08,EGFDL
12175.52,78.28,EGFDL
12175.77,77.62,EGFDL
12176.02,79.87,EGFDL
12176.27,83.39,EGFDL
12176.52,86.72,EGFDL
12176.77,88.4,EGFDL
12177.02,87.45,EGFDL
12177.27,85.51,EGFDL
12177.52,82.82000000000001,EGFDL
12177.77,80.7,EGFDL
12178.02,80.53,EGFDL
12178.27,82.12,EGFDL
12178.52,85.85000000000001,EGFDL
12178.77,91.62,EGFDL
12179.02,97.54,EGFDL
12179.27,101.55,EGFDL
12179.52,102.96000000000001,EGFDL
12179.77,100.02,EGFDL
12180.02,94.81,EGFDL
12180.27,90.69,EGFDL
12180.52,87.61,EGFDL
12180.77,88.34,EGFDL
12181.02,91.75,EGFDL
12181.27,95.94,EGFDL
12181.52,100.8,EGFDL
12181.77,102.04,EGFDL
12182.02,98.37,EGFDL
12182.27,88.64,EGFDL
12182.52,76.28,EGFDL
12182.77,65.66,EGFDL
12183.02,59.260000000000005,EGFDL
12183.27,57.97,EGFDL
12183.52,59.84,EGFDL
12183.77,65.41,EGFDL
12184.02,74.54,EGFDL
12184.27,87.8,EGFDL
12184.52,101.99000000000001,EGFDL
12184.77,113.83,EGFDL
12185.02,121.39,EGFDL
12185.27,123.53,EGFDL
12185.52,122.67,EGFDL
12185.77,119.14,EGFDL
12186.02,113.71000000000001,EGFDL
12186.27,106.82000000000001,EGFDL
12186.51,98.09,EGFDL
12186.76,88.12,EGFDL
12187.01,78.73,EGFDL
12187.26,68.96,EGFDL
12187.51,61.67999999999999,EGFDL
12187.76,57.89,EGFDL
12188.01,59.45,EGFDL
12188.26,67.14,EGFDL
12188.51,77.76,EGFDL
12188.76,87.37,EGFDL
12189.01,92.82000000000001,EGFDL
12189.26,92.89,EGFDL
12189.51,89.96000000000001,EGFDL
12189.76,85.85000000000001,EGFDL
12190.01,82.53,EGFDL
12190.26,80.94,EGFDL
12190.51,80.02,EGFDL
12190.76,81.23,EGFDL
12191.01,81.59,EGFDL
12191.26,80.81,EGFDL
12191.51,78.72,EGFDL
12191.76,74.45,EGFDL
12192.01,69.9,EGFDL
12192.26,65.67999999999999,EGFDL
12192.51,61.42,EGFDL
12192.76,58.47,EGFDL
12193.01,56.83,EGFDL
12193.26,57.290000000000006,EGFDL
12193.51,60.05,EGFDL
12193.76,64.05,EGFDL
12194.01,69.2,EGFDL
12194.26,74.88,EGFDL
12194.51,79.52,EGFDL
12194.76,81.24000000000001,EGFDL
12195.01,78.24000000000001,EGFDL
12195.26,73.5,EGFDL
12195.51,69.74,EGFDL
12195.76,69.19,EGFDL
12196.01,71.92999999999999,EGFDL
12196.26,75.56,EGFDL
12196.51,78.59,EGFDL
12196.76,80.03,EGFDL
12197.01,80.98,EGFDL
12197.26,80.96000000000001,EGFDL
12197.51,80.61,EGFDL
12197.76,80.12,EGFDL
12198.01,80.61,EGFDL
12198.26,81.94,EGFDL
12198.51,84.57000000000001,EGFDL
12198.75,85.39,EGFDL
12199.0,84.67,EGFDL
12199.25,81.9,EGFDL
12199.5,77.55,EGFDL
12199.75,74.72,EGFDL
12200.0,71.59,EGFDL
12200.25,70.42999999999999,EGFDL
12200.5,68.52,EGFDL
12200.75,67.35,EGFDL
12201.0,68.06,EGFDL
12201.25,71.82,EGFDL
12201.5,81.16,EGFDL
12201.75,93.35000000000001,EGFDL
12202.0,106.93,EGFDL
12202.25,117.34,EGFDL
12202.5,123.32000000000001,EGFDL
12202.75,124.43,EGFDL
12203.0,122.67,EGFDL
12203.25,118.94,EGFDL
12203.5,114.95,EGFDL
12203.75,112.57000000000001,EGFDL
12204.0,110.76,EGFDL
12204.25,109.86,EGFDL
12204.5,107.94,EGFDL
12204.75,103.47,EGFDL
12205.0,95.99000000000001,EGFDL
12205.25,84.97,EGFDL
12205.5,71.78,EGFDL
12205.75,60.47,EGFDL
12206.0,51.55,EGFDL
12206.25,46.959999999999994,EGFDL
12206.5,45.870000000000005,EGFDL
12206.75,47.760000000000005,EGFDL
12207.0,55.06,EGFDL
12207.25,65.9,EGFDL
12207.5,80.06,EGFDL
12207.75,92.41,EGFDL
12208.0,100.62,EGFDL
12208.25,104.32000000000001,EGFDL
12208.5,104.8,EGFDL
12208.75,104.4,EGFDL
12209.0,103.96000000000001,EGFDL
12209.25,102.33,EGFDL
12209.5,98.29,EGFDL
12209.75,91.53,EGFDL
12210.0,83.01,EGFDL
12210.25,75.61,EGFDL
12210.5,69.91,EGFDL
12210.75,67.02,EGFDL
12211.0,66.38,EGFDL
12211.240000000002,65.7,EGFDL
12211.490000000002,66.23,EGFDL
12211.740000000002,65.37,EGFDL
12211.990000000002,63.91,EGFDL
12212.240000000002,62.53,EGFDL
12212.490000000002,60.7,EGFDL
12212.740000000002,60.459999999999994,EGFDL
12212.990000000002,62.8,EGFDL
12213.240000000002,68.16,EGFDL
12213.490000000002,76.8,EGFDL
12213.740000000002,86.68,EGFDL
12213.990000000002,94.17,EGFDL
12214.240000000002,97.98,EGFDL
12214.490000000002,98.53,EGFDL
12214.740000000002,97.27,EGFDL
12214.990000000002,94.79,EGFDL
12215.240000000002,91.79,EGFDL
12215.490000000002,87.31,EGFDL
12215.740000000002,82.45,EGFDL
12215.990000000002,78.22,EGFDL
12216.240000000002,75.38,EGFDL
12216.490000000002,73.28,EGFDL
12216.740000000002,72.64,EGFDL
12216.990000000002,74.08,EGFDL
12217.240000000002,78.16,EGFDL
12217.490000000002,84.95,EGFDL
12217.740000000002,92.11,EGFDL
12217.990000000002,98.33,EGFDL
12218.240000000002,101.09,EGFDL
12218.490000000002,101.39,EGFDL
12218.740000000002,100.8,EGFDL
12218.990000000002,99.37,EGFDL
12219.240000000002,98.54,EGFDL
12219.490000000002,96.72,EGFDL
12219.740000000002,92.76,EGFDL
12219.990000000002,88.91,EGFDL
12220.240000000002,84.74000000000001,EGFDL
12220.490000000002,82.29,EGFDL
12220.740000000002,82.55,EGFDL
12220.990000000002,84.39,EGFDL
12221.240000000002,87.25,EGFDL
12221.490000000002,88.77,EGFDL
12221.740000000002,87.49000000000001,EGFDL
12221.990000000002,83.49000000000001,EGFDL
12222.240000000002,77.01,EGFDL
12222.490000000002,73.33,EGFDL
12222.740000000002,72.84,EGFDL
12222.990000000002,74.74,EGFDL
12223.240000000002,78.65,EGFDL
12223.490000000002,81.64,EGFDL
12223.730000000001,85.03,EGFDL
12223.980000000001,88.86,EGFDL
12224.230000000001,91.41,EGFDL
12224.480000000001,92.89,EGFDL
12224.730000000001,91.76,EGFDL
12224.980000000001,88.31,EGFDL
12225.230000000001,84.0,EGFDL
12225.480000000001,79.44,EGFDL
12225.730000000001,77.78,EGFDL
12225.980000000001,79.4,EGFDL
12226.230000000001,85.11,EGFDL
12226.480000000001,91.9,EGFDL
12226.730000000001,95.11,EGFDL
12226.980000000001,95.48,EGFDL
12227.230000000001,92.11,EGFDL
12227.480000000001,88.7,EGFDL
12227.730000000001,86.55,EGFDL
12227.980000000001,85.96000000000001,EGFDL
12228.230000000001,86.42,EGFDL
12228.480000000001,86.64,EGFDL
12228.730000000001,86.61,EGFDL
12228.980000000001,86.2,EGFDL
12229.230000000001,85.74000000000001,EGFDL
12229.480000000001,84.95,EGFDL
12229.730000000001,81.58,EGFDL
12229.980000000001,76.49000000000001,EGFDL
12230.230000000001,69.45,EGFDL
12230.480000000001,62.989999999999995,EGFDL
12230.730000000001,58.349999999999994,EGFDL
12230.980000000001,55.739999999999995,EGFDL
12231.230000000001,56.06999999999999,EGFDL
12231.480000000001,58.61,EGFDL
12231.730000000001,63.44,EGFDL
12231.980000000001,70.19,EGFDL
12232.230000000001,77.49000000000001,EGFDL
12232.480000000001,84.8,EGFDL
12232.730000000001,91.38000000000001,EGFDL
12232.980000000001,96.93,EGFDL
12233.230000000001,101.21000000000001,EGFDL
12233.480000000001,104.12,EGFDL
12233.730000000001,105.7,EGFDL
12233.980000000001,105.32000000000001,EGFDL
12234.230000000001,103.7,EGFDL
12234.480000000001,101.61,EGFDL
12234.730000000001,99.33,EGFDL
12234.980000000001,97.39,EGFDL
12235.230000000001,95.94,EGFDL
12235.480000000001,97.02,EGFDL
12235.730000000001,100.63000000000001,EGFDL
12235.970000000001,107.45,EGFDL
12236.220000000001,113.83,EGFDL
12236.470000000001,116.65,EGFDL
12236.720000000001,115.53,EGFDL
12236.970000000001,109.97,EGFDL
12237.220000000001,101.27,EGFDL
12237.470000000001,91.16,EGFDL
12237.720000000001,82.37,EGFDL
12237.970000000001,76.41,EGFDL
12238.220000000001,76.60000000000001,EGFDL
12238.470000000001,80.21000000000001,EGFDL
12238.720000000001,85.79,EGFDL
12238.970000000001,92.60000000000001,EGFDL
12239.220000000001,96.54,EGFDL
12239.470000000001,97.74000000000001,EGFDL
12239.720000000001,93.36,EGFDL
12239.970000000001,86.09,EGFDL
12240.220000000001,80.13000000000001,EGFDL
12240.470000000001,76.69,EGFDL
12240.720000000001,77.67,EGFDL
12240.970000000001,81.55,EGFDL
12241.220000000001,85.86,EGFDL
12241.470000000001,90.34,EGFDL
12241.720000000001,91.35000000000001,EGFDL
12241.970000000001,89.69,EGFDL
12242.220000000001,87.18,EGFDL
12242.470000000001,84.84,EGFDL
12242.720000000001,82.65,EGFDL
12242.970000000001,80.51,EGFDL
12243.220000000001,78.83,EGFDL
12243.470000000001,76.8,EGFDL
12243.720000000001,77.10000000000001,EGFDL
12243.970000000001,76.95,EGFDL
12244.220000000001,76.82000000000001,EGFDL
12244.470000000001,77.07000000000001,EGFDL
12244.720000000001,77.51,EGFDL
12244.970000000001,77.71000000000001,EGFDL
12245.220000000001,77.51,EGFDL
12245.470000000001,76.56,EGFDL
12245.720000000001,75.45,EGFDL
12245.970000000001,76.07,EGFDL
12246.220000000001,77.7,EGFDL
12246.470000000001,79.60000000000001,EGFDL
12246.720000000001,81.25,EGFDL
12246.970000000001,80.63000000000001,EGFDL
12247.220000000001,79.92,EGFDL
12247.470000000001,79.04,EGFDL
12247.720000000001,79.82000000000001,EGFDL
12247.970000000001,81.52,EGFDL
12248.220000000001,82.43,EGFDL
12248.460000000001,82.36,EGFDL
12248.710000000001,81.22,EGFDL
12248.960000000001,79.01,EGFDL
12249.210000000001,77.85000000000001,EGFDL
12249.460000000001,76.71000000000001,EGFDL
12249.710000000001,75.85,EGFDL
12249.960000000001,74.64,EGFDL
12250.210000000001,71.16,EGFDL
12250.460000000001,67.66,EGFDL
12250.710000000001,64.04,EGFDL
12250.960000000001,61.55,EGFDL
12251.210000000001,60.400000000000006,EGFDL
12251.460000000001,59.959999999999994,EGFDL
12251.710000000001,59.42,EGFDL
12251.960000000001,59.59,EGFDL
12252.210000000001,59.92,EGFDL
12252.460000000001,59.11,EGFDL
12252.710000000001,57.519999999999996,EGFDL
12252.960000000001,55.900000000000006,EGFDL
12253.210000000001,55.28,EGFDL
12253.460000000001,56.870000000000005,EGFDL
12253.710000000001,60.3,EGFDL
12253.960000000001,63.2,EGFDL
12254.210000000001,64.54,EGFDL
12254.460000000001,64.97,EGFDL
12254.710000000001,64.36,EGFDL
12254.960000000001,64.86,EGFDL
12255.210000000001,66.74,EGFDL
12255.460000000001,67.81,EGFDL
12255.710000000001,68.42999999999999,EGFDL
12255.960000000001,66.32,EGFDL
12256.210000000001,63.209999999999994,EGFDL
12256.460000000001,60.92999999999999,EGFDL
12256.710000000001,62.33,EGFDL
12256.960000000001,68.72,EGFDL
12257.210000000001,79.72,EGFDL
12257.460000000001,92.89,EGFDL
12257.710000000001,103.8,EGFDL
12257.960000000001,108.79,EGFDL
12258.210000000001,106.09,EGFDL
12258.460000000001,98.17,EGFDL
12258.710000000001,88.75,EGFDL
12258.960000000001,81.02,EGFDL
12259.210000000001,77.04,EGFDL
12259.460000000001,74.81,EGFDL
12259.710000000001,73.14,EGFDL
12259.960000000001,70.62,EGFDL
12260.210000000001,66.5,EGFDL
12260.460000000001,63.34,EGFDL
12260.710000000001,62.42999999999999,EGFDL
12260.95,65.23,EGFDL
12261.2,70.36,EGFDL
12261.45,75.75,EGFDL
12261.7,78.87,EGFDL
12261.95,78.64,EGFDL
12262.2,76.15,EGFDL
12262.45,71.78,EGFDL
12262.7,67.71,EGFDL
12262.95,65.98,EGFDL
12263.2,66.57,EGFDL
12263.45,68.62,EGFDL
12263.7,69.89,EGFDL
12263.95,69.24,EGFDL
12264.2,67.52,EGFDL
12264.45,65.95,EGFDL
12264.7,66.97,EGFDL
12264.95,68.05,EGFDL
12265.2,70.14,EGFDL
12265.45,72.28,EGFDL
12265.7,73.8,EGFDL
12265.95,75.48,EGFDL
12266.2,76.55,EGFDL
12266.45,76.65,EGFDL
12266.7,76.66,EGFDL
12266.95,75.89,EGFDL
12267.2,75.7,EGFDL
12267.45,76.26,EGFDL
12267.7,76.9,EGFDL
12267.95,78.52,EGFDL
12268.2,79.92,EGFDL
12268.45,80.9,EGFDL
12268.7,81.9,EGFDL
12268.95,82.48,EGFDL
12269.2,82.63000000000001,EGFDL
12269.45,82.94,EGFDL
12269.7,82.78,EGFDL
12269.95,81.89,EGFDL
12270.2,80.8,EGFDL
12270.45,79.49000000000001,EGFDL
12270.7,78.72,EGFDL
12270.95,78.8,EGFDL
12271.2,79.95,EGFDL
12271.45,82.43,EGFDL
12271.7,84.9,EGFDL
12271.95,87.94,EGFDL
12272.2,89.81,EGFDL
12272.45,91.21000000000001,EGFDL
12272.7,92.22,EGFDL
12272.95,93.05,EGFDL
12273.19,94.0,EGFDL
12273.44,93.49000000000001,EGFDL
12273.69,91.03,EGFDL
12273.94,85.53,EGFDL
12274.19,77.83,EGFDL
12274.44,69.33,EGFDL
12274.69,61.769999999999996,EGFDL
12274.94,56.53,EGFDL
12275.19,56.45,EGFDL
12275.44,63.28,EGFDL
12275.69,76.22,EGFDL
12275.94,92.92,EGFDL
12276.19,107.33,EGFDL
12276.44,117.5,EGFDL
12276.69,123.59,EGFDL
12276.94,126.97,MNSS
12277.19,131.57999999999998,MNSS
12277.44,134.85999999999999,MNSS
12277.69,136.60999999999999,MNSS
12277.94,135.95,MNSS
12278.19,131.6,MNSS
12278.44,127.5,MNSS
12278.69,123.93,MNSS
12278.94,123.84,MNSS
12279.19,128.14,MNSS
12279.44,133.29,MNSS
12279.69,138.19,MNSS
12279.94,141.25,MNSS
12280.19,142.48,MNSS
12280.44,144.58999999999997,MNSS
12280.69,147.45999999999998,MNSS
12280.94,149.75,MNSS
12281.19,151.01,MNSS
12281.44,151.44,MNSS
12281.69,151.44,MNSS
12281.94,151.2,MNSS
12282.19,151.54,MNSS
12282.44,151.01999999999998,MNSS
12282.69,150.75,MNSS
12282.94,149.01999999999998,MNSS
12283.19,143.29999999999998,MNSS
12283.44,132.57,MNSS
12283.69,119.27,MNSS
12283.94,107.41,MNSS
12284.19,101.34,MNSS
12284.44,104.51,MNSS
12284.69,112.97,MNSS
12284.94,124.09,MNSS
12285.19,134.79999999999998,MNSS
12285.44,142.0,MNSS
12285.68,148.82,MNSS
12285.93,153.31,MNSS
12286.18,156.7,MNSS
12286.43,157.54,MNSS
12286.68,151.36999999999998,MNSS
12286.93,137.62,MNSS
12287.18,114.64,BUDA
12287.43,88.04,BUDA
12287.68,64.64,BUDA
12287.93,48.099999999999994,BUDA
12288.18,39.57,BUDA
12288.43,36.15,BUDA
12288.68,34.92,BUDA
12288.93,33.849999999999994,BUDA
12289.18,32.65,BUDA
12289.43,31.47,BUDA
12289.68,30.8,BUDA
12289.93,30.66,BUDA
12290.18,30.849999999999998,BUDA
12290.43,30.64,BUDA
12290.68,29.86,BUDA
12290.93,28.79,BUDA
12291.18,28.38,BUDA
12291.43,28.669999999999998,BUDA
12291.68,29.8,BUDA
12291.93,31.73,BUDA
12292.18,33.47,BUDA
12292.43,35.18,BUDA
12292.68,35.9,BUDA
12292.93,36.730000000000004,BUDA
12293.18,38.129999999999995,BUDA
12293.43,40.120000000000005,BUDA
12293.68,42.41,BUDA
12293.93,43.82,BUDA
12294.18,43.71,BUDA
12294.43,42.379999999999995,BUDA
12294.68,40.14,BUDA
12294.93,37.96,BUDA
12295.18,35.75,BUDA
12295.43,33.71,BUDA
12295.68,31.96,BUDA
12295.93,30.48,BUDA
12296.18,29.849999999999998,BUDA
12296.43,29.32,BUDA
12296.68,29.509999999999998,BUDA
12296.93,29.529999999999998,BUDA
12297.18,29.349999999999998,BUDA
12297.43,29.48,BUDA
12297.68,29.9,BUDA
12297.93,30.759999999999998,BUDA
12298.17,32.519999999999996,BUDA
12298.42,34.730000000000004,BUDA
12298.67,37.489999999999995,BUDA
12298.92,40.59,BUDA
12299.17,42.61,BUDA
12299.42,43.269999999999996,BUDA
12299.67,42.59,BUDA
12299.92,41.519999999999996,BUDA
12300.17,42.33,BUDA
12300.42,43.96,BUDA
12300.67,45.33,BUDA
12300.92,45.980000000000004,BUDA
12301.17,44.39,BUDA
12301.42,42.14,BUDA
12301.67,39.82,BUDA
12301.92,38.07,BUDA
12302.17,36.879999999999995,BUDA
12302.42,36.51,BUDA
12302.67,36.5,BUDA
12302.92,37.32,BUDA
12303.17,39.54,BUDA
12303.42,42.349999999999994,BUDA
12303.67,46.040000000000006,BUDA
12303.92,49.19,BUDA
12304.17,50.83,BUDA
12304.42,51.8,BUDA
12304.67,51.629999999999995,BUDA
12304.92,50.92,BUDA
12305.17,49.650000000000006,BUDA
12305.42,46.58,BUDA
12305.67,43.379999999999995,BUDA
12305.92,41.05,BUDA
12306.17,40.4,BUDA
12306.42,41.53,BUDA
12306.67,43.14,BUDA
12306.92,44.7,BUDA
12307.17,47.22,BUDA
12307.42,50.540000000000006,BUDA
12307.67,54.599999999999994,BUDA
12307.92,56.16,BUDA
12308.17,54.230000000000004,BUDA
12308.42,49.31,BUDA
12308.67,44.41,BUDA
12308.92,42.61,BUDA
12309.17,43.72,BUDA
12309.42,46.769999999999996,BUDA
12309.67,49.769999999999996,BUDA
12309.92,52.11,BUDA
12310.17,52.66,BUDA
12310.41,50.39,BUDA
12310.66,45.959999999999994,BUDA
12310.91,39.9,BUDA
12311.16,35.04,BUDA
12311.41,32.370000000000005,BUDA
12311.66,31.57,BUDA
12311.91,31.48,BUDA
12312.16,31.439999999999998,BUDA
12312.41,31.08,BUDA
12312.66,30.73,BUDA
12312.91,30.81,BUDA
12313.16,31.06,BUDA
12313.41,31.49,BUDA
12313.66,31.529999999999998,BUDA
12313.91,31.419999999999998,BUDA
12314.16,31.22,BUDA
12314.41,30.68,BUDA
12314.66,30.4,BUDA
12314.91,30.61,BUDA
12315.16,31.24,BUDA
12315.41,31.87,BUDA
12315.66,32.16,BUDA
12315.91,31.849999999999998,BUDA
12316.16,31.279999999999998,BUDA
12316.41,30.52,BUDA
12316.66,29.919999999999998,BUDA
12316.91,29.79,BUDA
12317.16,29.96,BUDA
12317.41,30.63,BUDA
12317.66,31.37,BUDA
12317.91,32.39,BUDA
12318.16,33.18,BUDA
12318.41,33.65,BUDA
12318.66,33.629999999999995,BUDA
12318.91,32.68,BUDA
12319.16,31.47,BUDA
12319.41,30.71,BUDA
12319.66,30.58,BUDA
12319.91,31.33,BUDA
12320.16,32.36,BUDA
12320.41,32.2,BUDA
12320.66,31.9,BUDA
12320.91,31.02,BUDA
12321.16,30.87,BUDA
12321.41,31.39,BUDA
12321.66,31.62,BUDA
12321.91,31.87,BUDA
12322.16,31.66,BUDA
12322.41,31.27,BUDA
12322.66,31.07,BUDA
12322.900000000001,31.02,BUDA
12323.150000000001,31.13,BUDA
12323.400000000001,31.36,BUDA
12323.650000000001,32.15,BUDA
12323.900000000001,32.230000000000004,BUDA
12324.150000000001,31.91,BUDA
12324.400000000001,31.46,BUDA
12324.650000000001,30.58,BUDA
12324.900000000001,30.599999999999998,BUDA
12325.150000000001,30.55,BUDA
12325.400000000001,30.56,BUDA
12325.650000000001,30.56,BUDA
